1531164782839	0	ROOM_CONFIG	LEFT_ROOM	TOY	RIGHT_ROOM	HARDWARE
1531164782843	0	DecisionBody	POSITION	7.02	1.339967	2.97
1531164782843	0	DecisionBody	ROTATION	0	186.95	0
1531164782844	0	DecisionBody	SCALE	1	1	1
1531164782845	0	SESS_START	1	ShopliftCog v0.1
1531164782845	0	MIC_TEST
1531164783081	1	DecisionBody	POSITION	7.02	0.9828827	2.97
1531164783371	2	DecisionBody	POSITION	7.020004	1.024947	1.533697
1531164783630	3	DecisionBody	POSITION	7.020004	1.013001	0.4641399
1531164783870	4	DecisionBody	POSITION	7.020004	1.013001	0.2739668
1531164785749	12	DecisionBody	POSITION	7.020004	1.013	1.47101
1531164785981	13	DecisionBody	POSITION	7.020004	0.9189839	3.371374
1531164786222	14	DecisionBody	POSITION	7.02	1.117064	5.045313
1531164786466	15	DecisionBody	POSITION	7.019989	1.159852	6.833614
1531164786717	16	DecisionBody	POSITION	7.019966	1.159836	5.636572
1531164786969	17	DecisionBody	POSITION	7.019958	0.9518681	3.248755
1531164787217	18	DecisionBody	POSITION	7.019958	1.058665	0.893486
1531164787449	19	DecisionBody	POSITION	7.019958	1.013001	0.7774696
1531164787681	20	DecisionBody	POSITION	7.019958	1.013001	0.3379984
1531164787917	21	DecisionBody	POSITION	7.019958	1.012952	-1.618481
1531164788149	22	DecisionBody	POSITION	7.019958	1.012952	-4.03098
1531164788381	23	DecisionBody	POSITION	7.019962	1.056612	-6.263743
1531164788596	24	DecisionBody	POSITION	7.019966	1.013001	-7.537334
1531164788817	25	DecisionBody	POSITION	7.019966	1.013001	-7.937
1531164789033	26	DecisionBody	POSITION	7.019966	1.013001	-7.955277
1531164790601	33	DecisionBody	POSITION	7.01997	1.018928	-8.977923
1531164790816	34	DecisionBody	POSITION	7.019974	1.013001	-9.878166
1531164791033	35	DecisionBody	POSITION	7.019978	1.013001	-11.20272
1531164791248	36	DecisionBody	POSITION	7.019985	1.103446	-13.21959
1531164791469	37	DecisionBody	POSITION	7.019997	1.01334	-15.46317
1531164791680	38	DecisionBody	POSITION	7.020004	1.089449	-17.5632
1531164791880	39	DecisionBody	POSITION	7.020016	1.013029	-19.69427
1531164792080	40	DecisionBody	POSITION	7.020023	1.035938	-21.83544
1531164792280	41	DecisionBody	POSITION	7.020035	1.013001	-23.9867
1531164792480	42	DecisionBody	POSITION	7.020039	1.013009	-25.24677
1531164792680	43	DecisionBody	POSITION	7.020042	1.013001	-25.68568
1531164792880	44	DecisionBody	POSITION	7.020042	1.013001	-25.74936
1531164793080	45	DecisionBody	POSITION	7.020042	1.013001	-26.64319
1531164793280	46	DecisionBody	POSITION	7.02005	1.013001	-28.3617
1531164793480	47	DecisionBody	POSITION	7.020058	1.013001	-30.36525
1531164793668	48	DecisionBody	POSITION	7.020069	1.050407	-32.4607
1531164793848	49	DecisionBody	POSITION	7.020077	1.05381	-34.32324
1531164794032	50	DecisionBody	POSITION	7.020084	1.013001	-36.23233
1531164794215	51	DecisionBody	POSITION	7.020096	1.013001	-38.1628
1531164794400	52	DecisionBody	POSITION	7.020103	1.013001	-40.10157
1531164794580	53	DecisionBody	POSITION	7.020107	1.0625	-41.26491
1531164794768	54	DecisionBody	POSITION	7.020111	1.013001	-42.6359
1531164794947	55	DecisionBody	POSITION	7.020119	1.013001	-43.56801
1531164795131	56	DecisionBody	POSITION	7.020119	1.013001	-43.92912
1531164795316	57	DecisionBody	POSITION	7.020115	1.013001	-43.31588
1531164795496	58	DecisionBody	POSITION	7.020115	1.013001	-42.64059
1531164795668	59	DecisionBody	POSITION	7.020115	1.013001	-42.37897
1531164796031	61	DecisionBody	POSITION	7.020119	1.013001	-43.13211
1531164796216	62	DecisionBody	POSITION	7.020119	1.013001	-43.86161
1531164796396	63	DecisionBody	POSITION	7.020119	1.013001	-44.14423
1531164798147	73	DecisionBody	POSITION	7.020123	1.013047	-44.88725
1531164798332	74	DecisionBody	POSITION	7.02013	1.013001	-46.36286
1531164798500	75	DecisionBody	POSITION	7.020138	1.013001	-47.92215
1531164798668	76	DecisionBody	POSITION	7.020145	1.045876	-49.77659
1531164798831	77	DecisionBody	POSITION	7.020149	1.013002	-50.84965
1531164798995	78	DecisionBody	POSITION	7.020153	1.013001	-51.31155
1531164799168	79	DecisionBody	POSITION	7.020153	1.013001	-51.4937
1531164799995	84	DecisionBody	POSITION	7.020157	1.013001	-52.11452
1531164800168	85	DecisionBody	POSITION	7.020161	1.052804	-53.50826
1531164800331	86	DecisionBody	POSITION	7.020168	1.013002	-55.03542
1531164800495	87	DecisionBody	POSITION	7.020176	1.077603	-56.65904
1531164800647	88	DecisionBody	POSITION	7.02018	1.051705	-58.30033
1531164800795	89	DecisionBody	POSITION	7.020184	1.012952	-59.77697
1531164800951	90	DecisionBody	POSITION	7.020187	1.013	-61.4865
1531164801099	91	DecisionBody	POSITION	7.020187	1.013	-62.99122
1531164801247	92	DecisionBody	POSITION	7.020187	1.071427	-64.70224
1531164801399	93	DecisionBody	POSITION	7.020187	1.081275	-66.18181
1531164801551	94	DecisionBody	POSITION	7.020187	1.013006	-67.89194
1531164801698	95	DecisionBody	POSITION	7.020187	1.071322	-69.38462
1531164801847	96	DecisionBody	POSITION	7.020187	1.013159	-71.09886
1531164801994	97	DecisionBody	POSITION	7.020187	1.012991	-72.60543
1531164802147	98	DecisionBody	POSITION	7.020187	1.013001	-74.3306
1531164802299	99	DecisionBody	POSITION	7.020191	1.013001	-75.84148
1531164802447	100	DecisionBody	POSITION	7.020195	1.013024	-76.94738
1531164802595	101	DecisionBody	POSITION	7.020199	1.013001	-77.88102
1531164802730	102	DecisionBody	POSITION	7.020203	1.013001	-79.1164
1531164802879	103	DecisionBody	POSITION	7.02021	1.041046	-80.49064
1531164803014	104	DecisionBody	POSITION	7.020214	1.091335	-81.41592
1531164803167	105	DecisionBody	POSITION	7.020218	1.013109	-82.51988
1531164803315	106	DecisionBody	POSITION	7.020226	1.013001	-83.78581
1531164803447	107	DecisionBody	POSITION	7.020229	1.053	-84.66381
1531164803578	108	DecisionBody	POSITION	7.020229	1.014008	-85.03238
1531164803719	109	DecisionBody	POSITION	7.020229	1.013001	-85.25047
1531164803867	110	DecisionBody	POSITION	7.020229	1.013001	-85.27046
1531164804414	114	DecisionBody	POSITION	7.020229	1.013001	-84.77266
1531164804542	115	DecisionBody	POSITION	7.020226	1.06867	-83.77378
1531164804683	116	DecisionBody	POSITION	7.020222	1.01365	-82.51488
1531164804831	117	DecisionBody	POSITION	7.020214	1.013001	-81.12395
1531164804978	118	DecisionBody	POSITION	7.02021	1.045761	-80.1796
1531164805114	119	DecisionBody	POSITION	7.02021	1.01336	-79.73898
1531164805267	120	DecisionBody	POSITION	7.02021	1.013001	-79.5089
1531164805718	123	DecisionBody	POSITION	7.020214	1.013001	-80.0067
1531164805867	124	DecisionBody	POSITION	7.020218	1.062954	-81.1785
1531164806014	125	DecisionBody	POSITION	7.020222	1.013088	-82.46592
1531164806167	126	DecisionBody	POSITION	7.020229	1.013001	-84.07666
1531164806314	127	DecisionBody	POSITION	7.020233	1.09041	-85.01154
1531164806442	128	DecisionBody	POSITION	7.020237	1.032263	-85.40977
1531164806578	129	DecisionBody	POSITION	7.020237	1.013001	-85.64541
1531164806714	130	DecisionBody	POSITION	7.020237	1.013001	-85.68645
1531164808219	141	DecisionBody	POSITION	7.020233	1.013001	-85.18865
1531164808367	142	DecisionBody	POSITION	7.020229	1.068432	-84.00668
1531164808514	143	DecisionBody	POSITION	7.020226	1.047699	-82.72659
1531164808667	144	DecisionBody	POSITION	7.020226	1.013001	-82.36135
1531164808814	145	DecisionBody	POSITION	7.020229	1.013001	-83.04794
1531164808946	146	DecisionBody	POSITION	7.020233	1.013001	-84.16516
1531164809078	147	DecisionBody	POSITION	7.020237	1.029341	-85.28717
1531164809218	148	DecisionBody	POSITION	7.020245	1.013002	-86.69552
1531164809367	149	DecisionBody	POSITION	7.020252	1.013001	-88.36939
1531164809519	150	DecisionBody	POSITION	7.020248	1.012964	-89.85916
1531164809666	151	DecisionBody	POSITION	7.020226	0.978449	-90.95479
1531164809794	152	DecisionBody	POSITION	7.020218	0.9054775	-91.34727
1531164809926	153	DecisionBody	POSITION	7.020229	0.8594816	-91.59902
1531164810066	154	DecisionBody	POSITION	7.020241	0.8398318	-91.70819
1531164810330	156	DecisionBody	POSITION	7.020721	0.9223814	-91.24958
1531164810466	157	DecisionBody	POSITION	7.020805	1.027281	-90.28261
1531164810598	158	DecisionBody	POSITION	7.020695	1.03956	-90.00103
1531164810730	159	DecisionBody	POSITION	7.020538	1.029043	-90.56839
1531164810866	160	DecisionBody	POSITION	7.020477	0.9429915	-91.11797
1531164810994	161	DecisionBody	POSITION	7.020458	0.9014363	-91.36598
1531164811126	162	DecisionBody	POSITION	7.020329	0.9513619	-91.05981
1531164811266	163	DecisionBody	POSITION	7.020058	1.039512	-90.15881
1531164811394	164	DecisionBody	POSITION	7.019913	1.032203	-89.13425
1531164811526	165	DecisionBody	POSITION	7.019848	1.028818	-88.28507
1531164811666	166	DecisionBody	POSITION	7.019814	1.013017	-87.88661
1531164811793	167	DecisionBody	POSITION	7.019802	1.013001	-87.71546
1531164811926	168	DecisionBody	POSITION	7.019798	1.013001	-87.69604
1531164812194	170	DecisionBody	POSITION	7.019798	1.013001	-87.31093
1531164812330	171	DecisionBody	POSITION	7.019794	1.013001	-86.33791
1531164812466	172	DecisionBody	POSITION	7.019791	1.013001	-85.58152
1531164812618	173	DecisionBody	POSITION	7.019791	1.013001	-85.21975
1531164812766	174	DecisionBody	POSITION	7.019791	1.013001	-85.06435
1531164812918	175	DecisionBody	POSITION	7.019791	1.013001	-84.56654
1531164813066	176	DecisionBody	POSITION	7.019787	1.019408	-83.37926
1531164813214	177	DecisionBody	POSITION	7.019783	1.013001	-82.57922
1531164813367	178	DecisionBody	POSITION	7.019783	1.013001	-82.16148
1531164813518	179	DecisionBody	POSITION	7.019783	1.013001	-82.01354
