1530888151703	0	InfoGroup	CANVAS_GROUP_ALPHA	0
1530888151705	0	P1CamZone_2	POSITION	-12.577	-0.5099945	-11
1530888151705	0	P1CamZone_2	ROTATION	0	0	0
1530888151706	0	P1CamZone_2	SCALE	-4.254174	0.6542862	-4.254172
1530888151707	0	SESS_START	1	ShopliftCog v0.1
1530888151708	0	MIC_TEST
1530888151708	0	P2CamZone	POSITION	31.97546	-0.5099945	-11
1530888151708	0	P2CamZone	ROTATION	0	0	0
1530888151708	0	P2CamZone	SCALE	-4.25417	0.65429	-4.25417
1530888151708	0	P1CamZone	POSITION	-24.83557	-0.5099945	-11
1530888151708	0	P1CamZone	ROTATION	0	0	0
1530888151708	0	P1CamZone	SCALE	-4.254174	0.6542862	-4.254172
1530888151708	0	DecisionBody	POSITION	57.06	0.9043427	-11
1530888151708	0	DecisionBody	ROTATION	0	90	0
1530888151708	0	DecisionBody	SCALE	1	1	1
1530888151708	0	InstructionScreen	CANVAS_GROUP_ALPHA	1
1530888151708	0	P2CamZone_2	POSITION	46.75803	-0.5099945	-11
1530888151708	0	P2CamZone_2	ROTATION	0	0	0
1530888151708	0	P2CamZone_2	SCALE	-4.25417	0.65429	-4.25417
1530888151708	0	IntertrialScreen	CANVAS_GROUP_ALPHA	0
1530888151807	1	DecisionBody	POSITION	56.91956	0.8219452	-10.40696
1530888152006	2	DecisionBody	POSITION	56.91956	0.3706818	-10.40692
1530888152135	3	DecisionBody	POSITION	56.91956	0.302124	-10.40692
1530888152547	8	InstructionScreen	CANVAS_GROUP_ALPHA	0
1530888152618	9	STAGE_1	STARTED
1530888152620	9	PHASE_1_MOVE	STARTED
1530888152623	9	PlantAudio	AUDIO_PLAYING	PlantAudio	Eastern Thought	IS_LOOPING	True	67.57162	2.339996	-10.96818
1530888152623	9	AnimBody	POSITION	-43.24924	0.9043357	-11
1530888152623	9	AnimBody	ROTATION	0	90	0
1530888152623	9	AnimBody	SCALE	1	1	1
1530888152623	9	DecisionBody	POSITION	-49.54584	0.9600067	-11
1530888152720	10	DecisionBody	POSITION	-48.91501	0.9600067	-11
1530888152868	11	DecisionBody	POSITION	-47.98212	0.9600067	-11
1530888153012	12	DecisionBody	POSITION	-47.07162	0.9600067	-11
1530888153156	13	DecisionBody	POSITION	-46.16653	0.9600067	-11
1530888153259	14	DecisionBody	POSITION	-45.50803	0.9600067	-11
1530888153383	15	DecisionBody	POSITION	-44.72913	0.9600067	-11
1530888153496	16	DecisionBody	POSITION	-44.01941	0.9600067	-11
1530888153603	17	DecisionBody	POSITION	-43.34045	0.9600067	-11
1530888153708	18	DecisionBody	POSITION	-42.68326	0.9600067	-11
1530888153824	19	DecisionBody	POSITION	-41.95245	0.9600067	-11
1530888153923	20	DecisionBody	POSITION	-41.3222	0.9600067	-11
1530888154039	21	DecisionBody	POSITION	-40.59271	0.9600067	-11
1530888154138	22	DecisionBody	POSITION	-39.96295	0.9600067	-11
1530888154252	23	DecisionBody	POSITION	-39.2533	0.9600067	-11
1530888154359	24	DecisionBody	POSITION	-38.57373	0.9600067	-11
1530888154471	25	DecisionBody	POSITION	-37.8685	0.9600067	-11
1530888154583	26	DecisionBody	POSITION	-37.1608	0.9600067	-11
1530888154703	27	DecisionBody	POSITION	-36.40546	0.9600067	-11
1530888154807	28	DecisionBody	POSITION	-35.74695	0.9600067	-11
1530888154918	29	DecisionBody	POSITION	-35.0451	0.9600067	-11
1530888155035	30	DecisionBody	POSITION	-34.30853	0.9600067	-11
1530888155155	31	DecisionBody	POSITION	-33.55487	0.9600067	-11
1530888155258	32	DecisionBody	POSITION	-32.8996	0.9600067	-11
1530888155363	33	DecisionBody	POSITION	-32.24368	0.9600067	-11
1530888155459	34	DecisionBody	POSITION	-31.63708	0.9600067	-11
1530888155572	35	DecisionBody	POSITION	-30.93115	0.9600067	-11
1530888155682	36	DecisionBody	POSITION	-30.22424	0.9600067	-11
1530888155787	36	Joystick1	1
1530888155788	37	DecisionBody	POSITION	-29.56888	0.9600067	-11
1530888155894	37	Joystick1	1
1530888155895	38	DecisionBody	POSITION	-28.88666	0.9600067	-11
1530888156002	38	Joystick1	1
1530888156002	39	DecisionBody	POSITION	-28.20856	0.9600067	-11
1530888156090	39	Joystick1	1
1530888156091	40	DecisionBody	POSITION	-27.65128	0.9600067	-11
1530888156194	40	Joystick1	1
1530888156195	41	DecisionBody	POSITION	-26.99493	0.9600067	-11
1530888156303	41	Joystick1	0.7966594
1530888156304	42	DecisionBody	POSITION	-26.31287	0.9600067	-11
1530888156391	43	DecisionBody	POSITION	-25.76126	0.9600067	-11
1530888156487	44	DecisionBody	POSITION	-25.15399	0.9600067	-11
1530888156587	45	DecisionBody	POSITION	-24.52585	0.9600067	-11
1530888156695	46	DecisionBody	POSITION	-23.84094	0.9600067	-11
1530888156803	47	DecisionBody	POSITION	-23.16425	0.9600067	-11
1530888156891	48	DecisionBody	POSITION	-22.6062	0.9600067	-11
1530888156991	49	DecisionBody	POSITION	-21.97803	0.9600067	-11
1530888157103	50	DecisionBody	POSITION	-21.26968	0.9600067	-11
1530888157190	51	DecisionBody	POSITION	-20.71625	0.9600067	-11
1530888157302	52	DecisionBody	POSITION	-20.00864	0.9600067	-11
1530888157386	53	DecisionBody	POSITION	-19.48157	0.9600067	-11
1530888157471	54	DecisionBody	POSITION	-18.94754	0.9600067	-11
1530888157570	55	DecisionBody	POSITION	-18.46939	0.9600067	-11
1530888157654	56	DecisionBody	POSITION	-18.46939	0.3698425	-11
1530888157737	57	PHASE_1_MOVE	ENDED
1530888157737	57	DECISION_EVENT	True
1530888157739	57	DecisionBody	POSITION	-18.46939	0.2856445	-11
1530888160482	87	Joystick1	0.01234567
1530888160482	88	DecisionBody	POSITION	-18.27393	0.2999725	-11
1530888160566	88	Joystick1	1
1530888160566	89	DecisionBody	POSITION	-17.71625	0.3000031	-11
1530888160641	89	Joystick1	1
1530888160642	90	DecisionBody	POSITION	-17.27234	0.3000031	-11
1530888160722	90	Joystick1	1
1530888160722	91	DecisionBody	POSITION	-16.59717	0.3000031	-11
1530888160813	91	Joystick1	1
1530888160814	92	DecisionBody	POSITION	-15.66467	0.3000031	-11
1530888160890	92	Joystick1	1
1530888160891	93	DecisionBody	POSITION	-15.17813	0.3000031	-11
1530888160969	93	Joystick1	1
1530888160970	94	DecisionBody	POSITION	-15.20404	0.3000031	-11
1530888161070	94	Joystick1	1
1530888161071	95	DecisionBody	POSITION	-15.20407	0.3000031	-11
1530888161158	95	Joystick1	1
1530888161242	96	Joystick1	1
1530888161334	97	Joystick1	1
1530888161501	99	Joystick1	-0.03171151
1530888161601	100	Joystick1	-1
1530888161689	101	Joystick1	-1
1530888161769	102	Joystick1	-1
1530888161853	103	Joystick1	-1
1530888161937	104	Joystick1	-1
1530888162022	105	Joystick1	-1
1530888162113	106	Joystick1	-1
1530888162193	107	Joystick1	-1
1530888162281	108	Joystick1	-0.2156863
1530888162366	109	Joystick1	0.4480756
1530888162437	110	Joystick1	1
1530888162522	111	Joystick1	1
1530888162614	112	Joystick1	1
1530888162693	113	Joystick1	1
1530888162777	114	Joystick1	0.912854
1530888163117	118	Joystick1	-0.9806342
1530888163205	119	Joystick1	-1
1530888163289	120	Joystick1	-1
1530888163381	121	Joystick1	-1
1530888163461	122	Joystick1	-1
1530888163541	123	Joystick1	-1
1530888163633	124	Joystick1	-1
1530888163705	125	Joystick0	-0.07044297
1530888163705	125	Joystick1	-1
1530888163706	126	DecisionBody	POSITION	-15.20407	0.3000031	-10.80454
1530888163797	126	Joystick0	-1
1530888163797	126	Joystick1	-0.1188575
1530888163798	127	DecisionBody	POSITION	-15.20407	0.3000031	-10.37917
1530888163885	127	Joystick0	-1
1530888163886	128	DecisionBody	POSITION	-15.20407	0.3000031	-9.641861
1530888163973	128	Joystick0	-1
1530888163974	129	DecisionBody	POSITION	-15.20407	0.3000031	-8.947795
1530888164058	129	Joystick0	-1
1530888164058	130	DecisionBody	POSITION	-15.20407	0.3000031	-8.195289
1530888164158	130	Joystick0	-1
1530888164159	131	DecisionBody	POSITION	-15.20407	0.3000031	-7.202396
1530888164250	131	Joystick0	-1
1530888164251	132	DecisionBody	POSITION	-15.20407	0.3000031	-6.173832
1530888164345	132	Joystick0	-1
1530888164346	133	DecisionBody	POSITION	-15.20407	0.3000031	-5.124205
1530888164438	134	DecisionBody	POSITION	-15.20407	0.3000031	-4.470725
1530888164518	135	DecisionBody	POSITION	-15.20407	0.3000031	-4.041976
1530888164606	135	Joystick0	0.3415638
1530888164606	136	DecisionBody	POSITION	-15.20407	0.3000031	-3.990631
1530888164701	136	Joystick0	1
1530888164702	137	DecisionBody	POSITION	-15.20969	0.3000031	-4.292576
1530888164789	137	Joystick0	1
1530888164790	138	DecisionBody	POSITION	-15.23514	0.3000031	-4.930863
