1530816392249	0	InfoGroup	CANVAS_GROUP_ALPHA	0
1530816392251	0	P1CamZone_2	POSITION	-9.909973	-0.5099945	-11
1530816392251	0	P1CamZone_2	ROTATION	0	0	0
1530816392252	0	P1CamZone_2	SCALE	-4.254174	0.6542862	-4.254172
1530816392253	0	SESS_START	1	ShopliftCog v0.1
1530816392254	0	MIC_TEST
1530816392254	0	P2CamZone	POSITION	37.33932	-0.5099945	-11
1530816392254	0	P2CamZone	ROTATION	0	0	0
1530816392254	0	P2CamZone	SCALE	-4.25417	0.65429	-4.25417
1530816392254	0	P1CamZone	POSITION	-30.95172	-0.5099945	-11
1530816392254	0	P1CamZone	ROTATION	0	0	0
1530816392254	0	P1CamZone	SCALE	-4.254174	0.6542862	-4.254172
1530816392254	0	DecisionBody	POSITION	57.06	0.9043427	-11
1530816392254	0	DecisionBody	ROTATION	0	90	0
1530816392254	0	DecisionBody	SCALE	1	1	1
1530816392254	0	InstructionScreen	CANVAS_GROUP_ALPHA	1
1530816392254	0	P2CamZone_2	POSITION	53.58478	-0.5099945	-11
1530816392254	0	P2CamZone_2	ROTATION	0	0	0
1530816392254	0	P2CamZone_2	SCALE	-4.25417	0.65429	-4.25417
1530816392254	0	IntertrialScreen	CANVAS_GROUP_ALPHA	0
1530816392917	16	InstructionScreen	CANVAS_GROUP_ALPHA	0
1530816392947	17	STAGE_1	STARTED
1530816392950	17	PHASE_1_MOVE	STARTED
1530816392951	17	PlantAudio	AUDIO_PLAYING	PlantAudio	Eastern Thought	IS_LOOPING	True	67.57162	2.339996	-10.96818
1530816392951	17	AnimBody	POSITION	-43.24924	0.9043357	-11
1530816392951	17	AnimBody	ROTATION	0	90	0
1530816392951	17	AnimBody	SCALE	1	1	1
1530816392951	17	DecisionBody	POSITION	-2.349243	0.9043427	-11.01429
1530816393017	18	AnimBody	POSITION	-43.2261	0.9043357	-11.00001
1530816393085	19	AnimBody	POSITION	-43.15805	0.9043357	-11.00003
1530816393148	20	AnimBody	POSITION	-43.05546	0.9043357	-11.00007
1530816393201	21	AnimBody	POSITION	-42.94249	0.9043357	-11.00011
1530816393248	22	AnimBody	POSITION	-42.81906	0.9043357	-11.00015
1530816393300	23	AnimBody	POSITION	-42.66078	0.9043357	-11.00021
1530816393348	24	AnimBody	POSITION	-42.49569	0.9043357	-11.00026
1530816393417	25	AnimBody	POSITION	-42.22491	0.9043357	-11.00036
1530816393464	26	AnimBody	POSITION	-42.01696	0.9043357	-11.00043
1530816393516	27	AnimBody	POSITION	-41.76729	0.9043357	-11.00052
1530816393564	28	AnimBody	POSITION	-41.51633	0.9043357	-11.00061
1530816393616	29	AnimBody	POSITION	-41.22621	0.9043357	-11.00071
1530816393663	30	AnimBody	POSITION	-40.94514	0.9043357	-11.0008
1530816393716	31	AnimBody	POSITION	-40.61641	0.9043357	-11.00092
1530816393763	32	AnimBody	POSITION	-40.3012	0.9043357	-11.00103
1530816393816	33	AnimBody	POSITION	-39.93573	0.9043357	-11.00116
1530816393864	34	AnimBody	POSITION	-39.58915	0.9043357	-11.00128
1530816393916	35	AnimBody	POSITION	-39.19264	0.9043357	-11.00142
1530816393984	36	AnimBody	POSITION	-38.64869	0.9043357	-11.00161
1530816394032	37	AnimBody	POSITION	-38.2523	0.9043357	-11.00175
1530816394080	38	AnimBody	POSITION	-37.84484	0.9043357	-11.00189
1530816394132	39	AnimBody	POSITION	-37.38188	0.9043357	-11.00205
1530816394180	40	AnimBody	POSITION	-36.94661	0.9043357	-11.0022
1530816394232	41	AnimBody	POSITION	-36.45939	0.9043357	-11.00237
1530816394280	42	AnimBody	POSITION	-36.00353	0.9043357	-11.00253
1530816394332	43	AnimBody	POSITION	-35.48732	0.9043357	-11.00271
1530816394384	44	AnimBody	POSITION	-34.96507	0.9043357	-11.00289
1530816394432	45	AnimBody	POSITION	-34.47625	0.9043357	-11.00307
1530816394485	46	AnimBody	POSITION	-33.92757	0.9043357	-11.00326
1530816394532	47	AnimBody	POSITION	-33.42285	0.9043357	-11.00343
1530816394585	48	AnimBody	POSITION	-32.85772	0.9043357	-11.00363
1530816394632	49	AnimBody	POSITION	-32.33064	0.9043357	-11.00382
1530816394685	50	AnimBody	POSITION	-31.74291	0.9043357	-11.00402
1530816394732	51	AnimBody	POSITION	-31.21037	0.9043357	-11.00421
1530816394780	52	AnimBody	POSITION	-30.66272	0.9043357	-11.0044
1530816394832	53	AnimBody	POSITION	-30.05685	0.9043357	-11.00461
1530816394885	54	AnimBody	POSITION	-29.44457	0.9043357	-11.00482
1530816394932	55	AnimBody	POSITION	-28.88304	0.9043357	-11.00502
1530816394984	56	AnimBody	POSITION	-28.26035	0.9043357	-11.00524
1530816395032	57	AnimBody	POSITION	-27.68855	0.9043357	-11.00544
1530816395084	58	AnimBody	POSITION	-27.05659	0.9043357	-11.00566
1530816395132	59	AnimBody	POSITION	-26.47703	0.9043357	-11.00586
1530816395184	60	AnimBody	POSITION	-25.83901	0.9043357	-11.00608
1530816395232	61	AnimBody	POSITION	-25.24905	0.9043357	-11.00629
1530816395284	62	AnimBody	POSITION	-24.61478	0.9043357	-11.00651
1530816395332	63	AnimBody	POSITION	-24.02154	0.9043357	-11.00672
1530816395380	64	AnimBody	POSITION	-23.43013	0.9043357	-11.00693
1530816395432	65	AnimBody	POSITION	-22.78977	0.9043357	-11.00715
1530816395484	66	AnimBody	POSITION	-22.14469	0.9043357	-11.00737
1530816395532	67	AnimBody	POSITION	-21.5567	0.9043357	-11.00758
1530816395585	68	AnimBody	POSITION	-20.9129	0.9043357	-11.0078
1530816395632	69	AnimBody	POSITION	-20.32539	0.9043357	-11.00801
1530816395684	70	AnimBody	POSITION	-19.68424	0.9043357	-11.00823
1530816395732	71	AnimBody	POSITION	-19.1046	0.9043357	-11.00844
1530816395784	72	AnimBody	POSITION	-18.46777	0.9043357	-11.00866
1530816395831	73	AnimBody	POSITION	-17.89497	0.9043357	-11.00886
1530816395880	74	AnimBody	POSITION	-17.31576	0.9043357	-11.00906
1530816395932	75	AnimBody	POSITION	-16.69948	0.9043357	-11.00928
1530816395984	76	AnimBody	POSITION	-16.08185	0.9043357	-11.00949
1530816396032	77	AnimBody	POSITION	-15.52086	0.9043357	-11.00969
1530816396084	78	AnimBody	POSITION	-14.91939	0.9043357	-11.0099
1530816396132	79	AnimBody	POSITION	-14.374	0.9043357	-11.01009
1530816396184	80	AnimBody	POSITION	-13.78183	0.9043357	-11.0103
1530816396232	81	AnimBody	POSITION	-13.25142	0.9043357	-11.01048
1530816396284	82	AnimBody	POSITION	-12.67825	0.9043357	-11.01068
1530816396332	83	AnimBody	POSITION	-12.1622	0.9043357	-11.01086
1530816396384	84	AnimBody	POSITION	-11.6043	0.9043357	-11.01106
1530816396432	85	AnimBody	POSITION	-11.10851	0.9043357	-11.01123
1530816396484	86	AnimBody	POSITION	-10.57213	0.9043357	-11.01142
1530816396532	87	AnimBody	POSITION	-10.0934	0.9043357	-11.01159
1530816396584	88	AnimBody	POSITION	-9.579174	0.9043357	-11.01177
1530816396631	89	AnimBody	POSITION	-9.12537	0.9043357	-11.01192
1530816396684	90	AnimBody	POSITION	-8.637363	0.9043357	-11.01209
1530816396732	91	AnimBody	POSITION	-8.203247	0.9043357	-11.01225
1530816396784	92	AnimBody	POSITION	-7.739147	0.9043357	-11.01241
1530816396832	93	AnimBody	POSITION	-7.331276	0.9043357	-11.01255
1530816396880	94	AnimBody	POSITION	-6.936722	0.9043357	-11.01269
1530816396932	95	AnimBody	POSITION	-6.517567	0.9043357	-11.01284
1530816396984	96	AnimBody	POSITION	-6.116982	0.9043357	-11.01297
1530816397032	97	AnimBody	POSITION	-5.765663	0.9043357	-11.0131
1530816397084	98	AnimBody	POSITION	-5.397118	0.9043357	-11.01323
1530816397131	99	AnimBody	POSITION	-5.07729	0.9043357	-11.01334
1530816397184	100	AnimBody	POSITION	-4.743271	0.9043357	-11.01346
1530816397231	101	AnimBody	POSITION	-4.455784	0.9043357	-11.01356
1530816397264	102	AnimBody	POSITION	-4.272263	0.9043357	-11.01362
1530816397299	103	AnimBody	POSITION	-4.074844	0.9043357	-11.01369
1530816397348	104	AnimBody	POSITION	-3.824291	0.9043357	-11.01378
1530816397383	105	AnimBody	POSITION	-3.651325	0.9043357	-11.01384
1530816397432	106	AnimBody	POSITION	-3.432873	0.9043357	-11.01391
1530816397484	107	AnimBody	POSITION	-3.217403	0.9043357	-11.01399
1530816397532	108	AnimBody	POSITION	-3.03986	0.9043357	-11.01405
1530816397584	109	AnimBody	POSITION	-2.868053	0.9043357	-11.01411
1530816397632	110	AnimBody	POSITION	-2.731667	0.9043357	-11.01416
1530816397684	111	AnimBody	POSITION	-2.585041	0.9043357	-11.01421
1530816397732	112	AnimBody	POSITION	-2.467647	0.9043357	-11.01425
1530816397784	113	AnimBody	POSITION	-2.392572	0.9043357	-11.01428
1530816397832	114	AnimBody	POSITION	-2.360377	0.9043357	-11.01429
1530816397884	115	AnimBody	POSITION	-2.349793	0.9043357	-11.01429
1530816397932	116	AnimBody	POSITION	-2.349242	0.9043357	-11.01429
1530816397979	117	PHASE_1_MOVE	ENDED
1530816397980	117	DECISION_EVENT	True
1530816398479	131	DecisionBody	ROTATION	0	89.71054	0
1530816398547	133	DecisionBody	ROTATION	0	88.95572	0
1530816398583	134	DecisionBody	ROTATION	0	79.83942	0
1530816398631	135	DecisionBody	ROTATION	0	311.0556	0
1530816398663	136	DecisionBody	ROTATION	0	52.93787	0
1530816398700	137	DecisionBody	ROTATION	0	48.38301	0
1530816398731	138	DecisionBody	ROTATION	0	22.96701	0
1530816398763	139	DecisionBody	ROTATION	0	344.695	0
1530816398800	140	DecisionBody	ROTATION	0	313.8828	0
1530816398831	141	DecisionBody	ROTATION	0	303.9941	0
1530816398868	142	DecisionBody	ROTATION	0	297.7817	0
1530816398915	143	DecisionBody	ROTATION	0	294.9591	0
1530816398963	144	DecisionBody	ROTATION	0	294.563	0
1530816399215	149	DecisionBody	ROTATION	0	295.4339	0
1530816399268	150	DecisionBody	ROTATION	0	359.2328	0
1530816399299	151	DecisionBody	ROTATION	0	27.29765	0
1530816399331	152	DecisionBody	ROTATION	0	47.82623	0
1530816399367	153	DecisionBody	ROTATION	0	92.04205	0
1530816399399	154	DecisionBody	ROTATION	0	110.5724	0
1530816399431	155	DecisionBody	ROTATION	0	126.8084	0
1530816399467	156	DecisionBody	ROTATION	0	166.2326	0
1530816399499	157	DecisionBody	ROTATION	0	190.8366	0
1530816399531	158	DecisionBody	ROTATION	0	209.7776	0
1530816399563	159	DecisionBody	ROTATION	0	223.499	0
1530816399600	160	DecisionBody	ROTATION	0	244.2006	0
1530816399647	161	DecisionBody	ROTATION	0	258.4978	0
1530816399700	162	DecisionBody	ROTATION	0	285.4775	0
1530816399747	163	DecisionBody	ROTATION	0	296.6187	0
1530816399784	164	DecisionBody	ROTATION	0	307.4445	0
1530816399831	165	DecisionBody	ROTATION	0	330.6248	0
1530816399863	166	DecisionBody	ROTATION	0	337.4922	0
1530816399899	167	DecisionBody	ROTATION	0	345.2547	0
1530816399931	168	DecisionBody	ROTATION	0	347.9773	0
1530816399968	169	DecisionBody	ROTATION	0	349.3055	0
1530816399999	170	DecisionBody	ROTATION	0	349.7014	0
1530816400031	171	DecisionBody	ROTATION	0	349.8725	0
1530816400199	176	DecisionBody	ROTATION	0	355.4005	0
1530816400231	177	DecisionBody	ROTATION	0	9.588405	0
1530816400267	178	DecisionBody	ROTATION	0	40.92926	0
1530816400300	179	DecisionBody	ROTATION	0	57.83026	0
1530816400331	180	DecisionBody	ROTATION	0	71.23266	0
1530816400368	181	DecisionBody	ROTATION	0	94.05117	0
1530816400399	182	DecisionBody	ROTATION	0	109.2103	0
1530816400447	183	DecisionBody	ROTATION	0	141.2118	0
1530816400484	184	DecisionBody	ROTATION	0	160.0118	0
1530816400516	185	DecisionBody	ROTATION	0	167.9309	0
1530816400547	186	DecisionBody	ROTATION	0	173.4043	0
1530816400584	187	DecisionBody	ROTATION	0	176.0814	0
1530816400615	188	DecisionBody	ROTATION	0	176.8957	0
1530816400647	189	DecisionBody	ROTATION	0	177.2424	0
1530816400684	190	DecisionBody	ROTATION	0	177.4107	0
1530816400884	196	DecisionBody	ROTATION	0	181.117	0
1530816400915	197	DecisionBody	ROTATION	0	191.0224	0
1530816400947	198	DecisionBody	ROTATION	0	198.7978	0
1530816400984	199	DecisionBody	ROTATION	0	203.1638	0
1530816401015	200	DecisionBody	ROTATION	0	204.4977	0
1530816401047	201	DecisionBody	ROTATION	0	205.0696	0
1530816401084	202	DecisionBody	ROTATION	0	205.3538	0
1530816401199	205	DecisionBody	ROTATION	0	203.8766	0
1530816401231	206	DecisionBody	ROTATION	0	190.5099	0
1530816401263	207	DecisionBody	ROTATION	0	178.6906	0
1530816401299	208	DecisionBody	ROTATION	0	172.3674	0
1530816401331	209	DecisionBody	ROTATION	0	170.4366	0
1530816401368	210	DecisionBody	ROTATION	0	169.4937	0
1530816401399	211	DecisionBody	ROTATION	0	169.2117	0
1530816401468	213	DecisionBody	ROTATION	0	169.0314	0
1530816401531	215	DecisionBody	ROTATION	0	163.6909	0
1530816401567	216	DecisionBody	ROTATION	0	149.7993	0
1530816401599	217	DecisionBody	ROTATION	0	141.9173	0
1530816401631	218	DecisionBody	ROTATION	0	137.3611	0
1530816401663	219	DecisionBody	ROTATION	0	134.5636	0
1530816401699	220	DecisionBody	ROTATION	0	132.8974	0
1530816401731	221	DecisionBody	ROTATION	0	132.0962	0
1530816401767	222	DecisionBody	ROTATION	0	131.7064	0
1530816401831	224	DecisionBody	ROTATION	0	131.5372	0
1530816401899	226	DecisionBody	ROTATION	0	135.5271	0
1530816401931	227	DecisionBody	ROTATION	0	141.5014	0
1530816401967	228	DecisionBody	ROTATION	0	153.1945	0
1530816401999	229	DecisionBody	ROTATION	0	163.8143	0
1530816402031	230	DecisionBody	ROTATION	0	168.4744	0
1530816402063	231	DecisionBody	ROTATION	0	170.5019	0
1530816402099	232	DecisionBody	ROTATION	0	171.4789	0
1530816402131	233	DecisionBody	ROTATION	0	171.7783	0
1530816402163	234	DecisionBody	ROTATION	0	166.9991	0
1530816402199	235	DecisionBody	ROTATION	0	155.6337	0
1530816402231	236	DecisionBody	ROTATION	0	149.5006	0
1530816402263	237	DecisionBody	ROTATION	0	145.7787	0
1530816402299	238	DecisionBody	ROTATION	0	143.639	0
1530816402331	239	DecisionBody	ROTATION	0	141.5469	0
1530816402368	240	DecisionBody	ROTATION	0	135.9548	0
1530816402415	241	DecisionBody	ROTATION	0	128.2978	0
1530816402452	242	DecisionBody	ROTATION	0	120.5107	0
1530816402500	243	DecisionBody	ROTATION	0	103.3286	0
1530816402547	244	DecisionBody	ROTATION	0	98.75282	0
1530816402584	245	DecisionBody	ROTATION	0	91.73534	0
1530816402615	246	DecisionBody	ROTATION	0	88.43656	0
1530816402663	247	DecisionBody	ROTATION	0	80.285	0
1530816402699	248	DecisionBody	ROTATION	0	74.9251	0
1530816402747	249	DecisionBody	ROTATION	0	71.55581	0
1530816402783	250	DecisionBody	ROTATION	0	71.19144	0
1530816402831	251	DecisionBody	ROTATION	0	70.16265	0
1530816402863	252	DecisionBody	ROTATION	0	67.49196	0
1530816402899	253	DecisionBody	ROTATION	0	63.9202	0
1530816402947	254	DecisionBody	ROTATION	0	60.97718	0
1530816402984	255	DecisionBody	ROTATION	0	60.66323	0
1530816403115	258	DecisionBody	ROTATION	0	60.50115	0
1530816403163	259	DecisionBody	ROTATION	0	62.65336	0
1530816403199	260	DecisionBody	ROTATION	0	70.37709	0
1530816403247	261	DecisionBody	ROTATION	0	90.64205	0
1530816403284	262	DecisionBody	ROTATION	0	93.18214	0
1530816403331	263	DecisionBody	ROTATION	0	94.31751	0
1530816403368	264	DecisionBody	ROTATION	0	97.04237	0
1530816403416	265	DecisionBody	ROTATION	0	114.6135	0
1530816403447	266	DecisionBody	ROTATION	0	124.2635	0
1530816403484	267	DecisionBody	ROTATION	0	138.6144	0
1530816403515	268	DecisionBody	ROTATION	0	146.2207	0
1530816403547	269	DecisionBody	ROTATION	0	153.5158	0
1530816403583	270	DecisionBody	ROTATION	0	161.0391	0
1530816403615	271	DecisionBody	ROTATION	0	165.8935	0
1530816403647	272	DecisionBody	ROTATION	0	169.1388	0
1530816403683	273	DecisionBody	ROTATION	0	172.2786	0
1530816403715	274	DecisionBody	ROTATION	0	174.6996	0
1530816403747	275	DecisionBody	ROTATION	0	176.5907	0
1530816403783	276	DecisionBody	ROTATION	0	178.4966	0
1530816403815	277	DecisionBody	ROTATION	0	179.3653	0
1530816403847	278	DecisionBody	ROTATION	0	179.7262	0
1530816403883	279	DecisionBody	ROTATION	0	179.9046	0
1530816403947	281	DecisionBody	ROTATION	0	179.6988	0
1530816403984	282	DecisionBody	ROTATION	0	175.6139	0
1530816404016	283	DecisionBody	ROTATION	0	164.0953	0
1530816404051	284	DecisionBody	ROTATION	0	151.6691	0
1530816404083	285	DecisionBody	ROTATION	0	147.2988	0
1530816404115	286	DecisionBody	ROTATION	0	145.3975	0
1530816404151	287	DecisionBody	ROTATION	0	144.4807	0
1530816404200	288	DecisionBody	ROTATION	0	142.3499	0
1530816404231	289	DecisionBody	ROTATION	0	141.8649	0
1530816404263	290	DecisionBody	ROTATION	0	139.6241	0
1530816404299	291	DecisionBody	ROTATION	0	136.3005	0
1530816404331	292	DecisionBody	ROTATION	0	131.5103	0
1530816404368	293	DecisionBody	ROTATION	0	117.854	0
1530816404415	294	DecisionBody	ROTATION	0	77.48688	0
1530816404468	295	DecisionBody	ROTATION	0	17.34523	0
1530816404500	296	DecisionBody	ROTATION	0	10.48895	0
1530816404531	297	DecisionBody	ROTATION	0	5.418933	0
1530816404567	298	DecisionBody	ROTATION	0	1.539389	0
1530816404599	299	DecisionBody	ROTATION	0	0.3715297	0
1530816404631	300	DecisionBody	ROTATION	0	359.8719	0
1530816404668	301	DecisionBody	ROTATION	0	359.6254	0
1530816404931	309	DecisionBody	ROTATION	0	358.9281	0
1530816404967	310	DecisionBody	ROTATION	0	357.6691	0
1530816404999	311	DecisionBody	ROTATION	0	356.9946	0
1530816405031	312	DecisionBody	ROTATION	0	356.7137	0
1530816405131	315	DecisionBody	ROTATION	0	358.3636	0
1530816405163	316	DecisionBody	ROTATION	0	2.195873	0
1530816405199	317	DecisionBody	ROTATION	0	8.225802	0
1530816405231	318	DecisionBody	ROTATION	0	16.68614	0
1530816405263	319	DecisionBody	ROTATION	0	22.37862	0
1530816405299	320	DecisionBody	ROTATION	0	25.04481	0
1530816405331	321	DecisionBody	ROTATION	0	25.88345	0
1530816405367	322	DecisionBody	ROTATION	0	26.28461	0
1530816405431	324	DecisionBody	ROTATION	0	26.46091	0
