1531237462544	0	DecisionBody	POSITION	-42.33413	0.4752535	71.2309
1531237462546	0	DecisionBody	ROTATION	0	0	0
1531237462546	0	DecisionBody	SCALE	1	1	1
1531237462547	0	SESS_START	1	ShopliftCog v0.1
1531237462548	0	MIC_TEST
1531237465687	80	Joystick1	0.07263207
1531237465687	80	DecisionBody	POSITION	-42.33413	0.7966101	71.17449
1531237465717	81	Joystick1	0.136462
1531237465717	81	DecisionBody	POSITION	-42.33413	0.8094646	71.04672
1531237465753	82	Joystick1	0.209178
1531237465754	82	DecisionBody	POSITION	-42.33413	0.8098931	70.96043
1531237465785	83	Joystick1	0.272522
1531237465785	83	DecisionBody	POSITION	-42.33413	0.8099958	70.75022
1531237465817	84	Joystick1	0.336026
1531237465817	84	DecisionBody	POSITION	-42.33413	0.8099999	70.49788
1531237465853	85	Joystick1	0.4088199
1531237465853	85	DecisionBody	POSITION	-42.33413	0.81	70.35847
1531237465885	86	Joystick1	0.472832
1531237465886	86	DecisionBody	POSITION	-42.33413	0.8338108	70.06407
1531237465917	87	Joystick1	0.5363741
1531237465917	87	DecisionBody	POSITION	-42.33413	0.8584187	69.75083
1531237465953	88	Joystick1	0.6084261
1531237465953	88	DecisionBody	POSITION	-42.33413	0.7876775	69.63458
1531237465985	89	Joystick1	0.672636
1531237465985	89	DecisionBody	POSITION	-42.33413	0.634423	69.40208
1531237466017	90	Joystick1	0.736244
1531237466017	90	DecisionBody	POSITION	-42.33413	0.4654726	69.16959
1531237466049	91	Joystick1	0.8001621
1531237466049	91	DecisionBody	POSITION	-42.33413	0.3751113	69.05334
1531237466085	92	Joystick1	0.8728261
1531237466086	92	DecisionBody	POSITION	-42.33413	0.1826169	68.82084
1531237466117	93	Joystick1	0.93606
1531237466117	93	DecisionBody	POSITION	-42.33413	-0.02557349	68.58834
1531237466153	94	Joystick1	1
1531237466153	94	DecisionBody	POSITION	-42.33413	-0.1355547	68.47209
1531237466185	95	Joystick1	1
1531237466185	95	DecisionBody	POSITION	-42.33413	-0.3672892	68.23959
1531237466217	96	Joystick1	1
1531237466217	96	DecisionBody	POSITION	-42.33413	-0.6147195	68.0071
1531237466253	97	Joystick1	1
1531237466253	97	DecisionBody	POSITION	-42.33413	-0.7443205	67.89085
1531237466285	98	Joystick1	1
1531237466285	98	DecisionBody	POSITION	-42.33413	-1.015295	67.65835
1531237466317	99	Joystick1	1
1531237466317	99	DecisionBody	POSITION	-42.33413	-1.301965	67.42585
1531237466353	100	Joystick1	1
1531237466353	100	DecisionBody	POSITION	-42.33413	-1.451187	67.3096
1531237466385	101	Joystick1	1
1531237466385	101	DecisionBody	POSITION	-42.33413	-1.761401	67.0771
1531237466419	102	Joystick1	1
1531237466419	102	DecisionBody	POSITION	-42.33413	-2.087311	66.8446
1531237466449	103	Joystick1	1
1531237466449	103	DecisionBody	POSITION	-42.33413	-2.256152	66.72836
1531237466485	104	Joystick1	1
1531237466485	104	DecisionBody	POSITION	-42.33413	-2.605607	66.49586
1531237466518	105	Joystick1	1
1531237466519	105	DecisionBody	POSITION	-42.33413	-2.970757	66.26336
1531237466553	106	Joystick1	1
1531237466553	106	DecisionBody	POSITION	-42.33413	-3.159218	66.14711
1531237466585	107	Joystick1	1
1531237466585	107	DecisionBody	POSITION	-42.33413	-3.547913	65.91461
1531237466617	108	Joystick1	1
1531237466617	108	DecisionBody	POSITION	-42.33413	-3.952303	65.68211
1531237466649	109	Joystick1	1
1531237466649	109	DecisionBody	POSITION	-42.33413	-4.160385	65.56586
1531237466685	110	Joystick1	1
1531237466686	110	DecisionBody	POSITION	-42.33413	-4.58832	65.33337
1531237466717	111	Joystick1	1
1531237466717	111	DecisionBody	POSITION	-42.33413	-5.03195	65.10087
1531237466759	112	Joystick1	1
1531237466759	112	DecisionBody	POSITION	-42.33413	-5.491277	64.86837
1531237466785	113	Joystick1	1
1531237466785	113	DecisionBody	POSITION	-42.33413	-5.726826	64.75212
1531237466817	114	Joystick1	1
1531237466817	114	DecisionBody	POSITION	-42.33413	-6.209697	64.51962
1531237466853	115	Joystick1	1
1531237466853	115	DecisionBody	POSITION	-42.33413	-6.457017	64.40337
1531237466885	116	Joystick1	1
1531237466885	116	DecisionBody	POSITION	-42.33413	-6.963433	64.17088
1531237466918	117	Joystick1	1
1531237466919	117	DecisionBody	POSITION	-42.33413	-7.485543	63.93838
1531237466953	118	Joystick1	1
1531237466953	118	DecisionBody	POSITION	-42.33413	-7.752485	63.82214
1531237466985	119	Joystick1	1
1531237466985	119	DecisionBody	POSITION	-42.33413	-8.29814	63.58965
1531237467018	120	Joystick1	1
1531237467019	120	DecisionBody	POSITION	-42.33413	-8.85949	63.35715
1531237467053	121	Joystick1	1
1531237467053	121	DecisionBody	POSITION	-42.33413	-9.146051	63.24091
1531237467085	122	Joystick1	1
1531237467085	122	DecisionBody	POSITION	-42.33413	-9.730947	63.00842
1531237467117	123	Joystick1	1
1531237467117	123	DecisionBody	POSITION	-42.33413	-10.33154	62.77593
1531237467153	124	Joystick1	1
1531237467153	124	DecisionBody	POSITION	-42.33413	-10.63772	62.65968
1531237467185	125	Joystick1	1
1531237467185	125	DecisionBody	POSITION	-42.33413	-11.26185	62.42719
1531237467217	126	Joystick1	1
1531237467217	126	DecisionBody	POSITION	-42.33413	-11.90168	62.1947
1531237467253	127	Joystick1	1
1531237467253	127	DecisionBody	POSITION	-42.33413	-12.22749	62.07846
1531237467285	128	Joystick1	1
1531237467286	128	DecisionBody	POSITION	-42.33413	-12.89086	61.84597
1531237467317	129	Joystick1	1
1531237467317	129	DecisionBody	POSITION	-42.33413	-13.56993	61.61348
1531237467337	130	Joystick1	1
1531237467337	130	DecisionBody	POSITION	-42.33413	-13.91535	61.49723
1531237467369	131	Joystick1	1
1531237467369	131	DecisionBody	POSITION	-42.33413	-14.2647	61.38099
1531237467401	132	Joystick1	1
1531237467401	132	DecisionBody	POSITION	-42.33413	-14.97516	61.14849
1531237467434	133	Joystick1	1
1531237467434	133	DecisionBody	POSITION	-42.33413	-15.33628	61.03225
1531237467453	134	Joystick1	1
1531237467453	134	DecisionBody	POSITION	-42.33413	-15.70132	60.916
1531237467485	135	Joystick1	1
1531237467485	135	DecisionBody	POSITION	-42.33413	-16.44317	60.68351
1531237467518	136	Joystick1	1
1531237467518	136	DecisionBody	POSITION	-42.33413	-17.20073	60.45102
1531237467534	137	Joystick1	1
1531237467551	138	Joystick1	1
1531237467551	138	DecisionBody	POSITION	-42.33413	-17.58539	60.33478
1531237467569	139	Joystick1	1
1531237467569	139	DecisionBody	POSITION	-42.33413	-17.97397	60.21853
1531237467602	140	Joystick1	1
1531237467602	140	DecisionBody	POSITION	-42.33413	-18.76291	59.98604
1531237467618	141	Joystick1	1
1531237467619	141	DecisionBody	POSITION	-42.33413	-19.16327	59.8698
1531237467637	142	Joystick1	1
1531237467637	142	DecisionBody	POSITION	-42.33413	-19.56755	59.75355
1531237467669	143	Joystick1	1
1531237467669	143	DecisionBody	POSITION	-42.33413	-19.97576	59.63731
1531237467701	144	Joystick1	1
1531237467701	144	DecisionBody	POSITION	-42.33413	-20.80394	59.40482
1531237467717	145	Joystick1	1
1531237467718	145	DecisionBody	POSITION	-42.33413	-21.22392	59.28857
1531237467734	146	Joystick1	1
1531237467753	147	Joystick1	1
1531237467753	147	DecisionBody	POSITION	-42.33413	-21.64782	59.17233
1531237467785	148	Joystick1	1
1531237467785	148	DecisionBody	POSITION	-42.33413	-22.50739	58.93983
1531237467801	149	Joystick1	1
1531237467802	149	DecisionBody	POSITION	-42.33413	-22.94307	58.82359
1531237467818	150	Joystick1	1
1531237467818	150	DecisionBody	POSITION	-42.33413	-23.38266	58.70734
1531237467834	151	Joystick1	1
1531237467853	152	Joystick1	1
1531237467853	152	DecisionBody	POSITION	-42.33413	-23.82619	58.5911
1531237467870	153	Joystick1	1
1531237467870	153	DecisionBody	POSITION	-42.33413	-24.27363	58.47485
1531237467886	154	Joystick1	1
1531237467886	154	DecisionBody	POSITION	-42.33413	-24.725	58.35861
1531237467903	155	Joystick1	1
1531237467903	155	DecisionBody	POSITION	-42.33413	-25.18029	58.24236
1531237467919	156	Joystick1	1
1531237467920	156	DecisionBody	POSITION	-42.33413	-25.63951	58.12612
1531237467936	157	Joystick1	1
1531237467936	157	DecisionBody	POSITION	-42.33413	-26.10265	58.00987
1531237467952	158	Joystick1	1
1531237467970	159	Joystick1	1
1531237467970	159	DecisionBody	POSITION	-42.33413	-26.56972	57.89363
1531237467986	160	Joystick1	1
1531237467986	160	DecisionBody	POSITION	-42.33413	-27.0407	57.77738
1531237468003	161	Joystick1	1
1531237468003	161	DecisionBody	POSITION	-42.33413	-27.51562	57.66114
1531237468019	162	Joystick1	1
1531237468020	162	DecisionBody	POSITION	-42.33413	-27.99445	57.54489
1531237468037	163	Joystick1	1
1531237468037	163	DecisionBody	POSITION	-42.33413	-28.47721	57.42865
1531237468053	164	Joystick1	1
1531237468070	165	Joystick1	1
1531237468071	165	DecisionBody	POSITION	-42.33413	-28.9639	57.3124
1531237468087	166	Joystick1	1
1531237468087	166	DecisionBody	POSITION	-42.33413	-29.45451	57.19616
1531237468104	167	Joystick1	1
1531237468104	167	DecisionBody	POSITION	-42.33413	-29.94904	57.07991
1531237468120	168	Joystick1	1
1531237468120	168	DecisionBody	POSITION	-42.33413	-30.4475	56.96367
1531237468137	169	Joystick1	1
1531237468137	169	DecisionBody	POSITION	-42.33413	-30.94988	56.84742
1531237468153	170	Joystick1	1
1531237468170	171	Joystick1	1
1531237468171	171	DecisionBody	POSITION	-42.33413	-31.45618	56.73117
1531237468187	172	Joystick1	1
1531237468187	172	DecisionBody	POSITION	-42.33413	-31.96642	56.61493
1531237468203	173	Joystick1	1
1531237468204	173	DecisionBody	POSITION	-42.33413	-32.48057	56.49868
1531237468220	174	Joystick1	1
1531237468220	174	DecisionBody	POSITION	-42.33413	-32.99865	56.38244
1531237468236	175	Joystick1	1
1531237468237	175	DecisionBody	POSITION	-42.33413	-33.52065	56.26619
1531237468253	176	Joystick1	1
1531237468270	177	Joystick1	1
1531237468270	177	DecisionBody	POSITION	-42.33413	-34.04657	56.14995
1531237468287	178	Joystick1	1
1531237468287	178	DecisionBody	POSITION	-42.33413	-34.57642	56.0337
1531237468303	179	Joystick1	1
1531237468303	179	DecisionBody	POSITION	-42.33413	-35.11019	55.91746
1531237468320	180	Joystick1	1
1531237468320	180	DecisionBody	POSITION	-42.33413	-35.64789	55.80121
1531237468337	181	Joystick1	1
1531237468337	181	DecisionBody	POSITION	-42.33413	-36.18951	55.68497
1531237468353	182	Joystick1	1
1531237468370	183	Joystick1	1
1531237468370	183	DecisionBody	POSITION	-42.33413	-36.73505	55.56872
1531237468387	184	Joystick1	1
1531237468387	184	DecisionBody	POSITION	-42.33413	-37.28452	55.45248
1531237468403	185	Joystick1	1
1531237468404	185	DecisionBody	POSITION	-42.33413	-37.83792	55.33623
1531237468420	186	Joystick1	1
1531237468420	186	DecisionBody	POSITION	-42.33413	-38.39523	55.21999
1531237468437	187	Joystick1	1
1531237468437	187	DecisionBody	POSITION	-42.33413	-38.95647	55.10374
1531237468452	188	Joystick1	1
1531237468469	189	Joystick1	1
1531237468470	189	DecisionBody	POSITION	-42.33413	-39.52164	54.9875
1531237468486	190	Joystick1	1
1531237468486	190	DecisionBody	POSITION	-42.33413	-40.09073	54.87125
1531237468503	191	Joystick1	1
1531237468503	191	DecisionBody	POSITION	-42.33413	-40.66374	54.755
1531237468519	192	Joystick1	1
1531237468519	192	DecisionBody	POSITION	-42.33413	-41.24068	54.63876
1531237468536	193	Joystick1	1
1531237468536	193	DecisionBody	POSITION	-42.33413	-41.82154	54.52251
1531237468552	194	Joystick1	1
1531237468569	195	Joystick1	1
1531237468569	195	DecisionBody	POSITION	-42.33413	-42.40632	54.40627
1531237468586	196	Joystick1	1
1531237468586	196	DecisionBody	POSITION	-42.33413	-42.99503	54.29002
1531237468602	197	Joystick1	1
1531237468602	197	DecisionBody	POSITION	-42.33413	-43.58766	54.17378
1531237468619	198	Joystick1	1
1531237468619	198	DecisionBody	POSITION	-42.33413	-44.18422	54.05753
1531237468637	199	Joystick1	1
1531237468637	199	DecisionBody	POSITION	-42.33413	-44.7847	53.94129
1531237468653	200	Joystick1	1
1531237468670	201	Joystick1	1
1531237468670	201	DecisionBody	POSITION	-42.33413	-45.3891	53.82504
1531237468686	202	Joystick1	1
1531237468687	202	DecisionBody	POSITION	-42.33413	-45.99743	53.7088
1531237468703	203	Joystick1	1
1531237468703	203	DecisionBody	POSITION	-42.33413	-46.60968	53.59255
1531237468720	204	Joystick1	1
1531237468720	204	DecisionBody	POSITION	-42.33413	-47.22586	53.47631
1531237468737	205	Joystick1	1
1531237468737	205	DecisionBody	POSITION	-42.33413	-47.84596	53.36006
1531237468753	206	Joystick1	1
1531237468770	207	Joystick1	1
1531237468770	207	DecisionBody	POSITION	-42.33413	-48.46999	53.24382
1531237468786	208	Joystick1	1
1531237468787	208	DecisionBody	POSITION	-42.33413	-49.09793	53.12757
1531237468803	209	Joystick1	1
1531237468803	209	DecisionBody	POSITION	-42.33413	-49.72981	53.01133
1531237468820	210	Joystick1	1
1531237468820	210	DecisionBody	POSITION	-42.33413	-50.3656	52.89508
1531237468836	211	Joystick1	1
1531237468836	211	DecisionBody	POSITION	-42.33413	-51.00533	52.77884
1531237468853	212	Joystick1	1
1531237468870	213	Joystick1	1
1531237468870	213	DecisionBody	POSITION	-42.33413	-51.64897	52.66259
1531237468886	214	Joystick1	1
1531237468887	214	DecisionBody	POSITION	-42.33413	-52.29654	52.54634
1531237468903	215	Joystick1	1
1531237468903	215	DecisionBody	POSITION	-42.33413	-52.94803	52.4301
1531237468919	216	Joystick1	1
1531237468920	216	DecisionBody	POSITION	-42.33413	-53.60345	52.31385
1531237468936	217	Joystick1	1
1531237468936	217	DecisionBody	POSITION	-42.33413	-54.26279	52.19761
1531237468952	218	Joystick1	1
1531237468969	219	Joystick1	1
1531237468970	219	DecisionBody	POSITION	-42.33413	-54.92606	52.08136
1531237468986	220	Joystick1	1
1531237468986	220	DecisionBody	POSITION	-42.33413	-55.59325	51.96512
1531237469003	221	Joystick1	1
1531237469003	221	DecisionBody	POSITION	-42.33413	-56.26436	51.84887
1531237469019	222	Joystick1	1
1531237469019	222	DecisionBody	POSITION	-42.33413	-56.9394	51.73263
1531237469037	223	Joystick1	1
1531237469037	223	DecisionBody	POSITION	-42.33413	-57.61835	51.61638
1531237469053	224	Joystick1	1
1531237469070	225	Joystick1	1
1531237469070	225	DecisionBody	POSITION	-42.33413	-58.30124	51.50014
1531237469087	226	Joystick1	1
1531237469087	226	DecisionBody	POSITION	-42.33413	-58.98805	51.38389
1531237469103	227	Joystick1	1
1531237469104	227	DecisionBody	POSITION	-42.33413	-59.67878	51.26765
1531237469120	228	Joystick1	1
1531237469120	228	DecisionBody	POSITION	-42.33413	-60.37344	51.1514
1531237469137	229	Joystick1	1
1531237469137	229	DecisionBody	POSITION	-42.33413	-61.07202	51.03516
1531237469153	230	Joystick1	1
1531237469170	231	Joystick1	1
1531237469170	231	DecisionBody	POSITION	-42.33413	-61.77452	50.91891
1531237469187	232	Joystick1	1
1531237469187	232	DecisionBody	POSITION	-42.33413	-62.48095	50.80267
1531237469203	233	Joystick1	1
1531237469203	233	DecisionBody	POSITION	-42.33413	-63.1913	50.68642
1531237469220	234	Joystick1	1
1531237469220	234	DecisionBody	POSITION	-42.33413	-63.90558	50.57018
1531237469236	235	Joystick1	1
1531237469236	235	DecisionBody	POSITION	-42.33413	-64.62378	50.45393
1531237469252	236	Joystick1	1
1531237469270	237	Joystick1	1
1531237469270	237	DecisionBody	POSITION	-42.33413	-65.3459	50.33768
1531237469286	238	Joystick1	1
1531237469286	238	DecisionBody	POSITION	-42.33413	-66.07195	50.22144
1531237469303	239	Joystick1	1
1531237469303	239	DecisionBody	POSITION	-42.33413	-66.80193	50.10519
1531237469319	240	Joystick1	1
1531237469320	240	DecisionBody	POSITION	-42.33413	-67.53582	49.98895
1531237469337	241	Joystick1	1
1531237469337	241	DecisionBody	POSITION	-42.33413	-68.27364	49.8727
1531237469353	242	Joystick1	1
1531237469370	243	Joystick1	1
1531237469370	243	DecisionBody	POSITION	-42.33413	-69.01539	49.75646
1531237469387	244	Joystick1	1
1531237469387	244	DecisionBody	POSITION	-42.33413	-69.76105	49.64021
1531237469403	245	Joystick1	1
1531237469403	245	DecisionBody	POSITION	-42.33413	-70.51065	49.52397
1531237469420	246	Joystick1	1
1531237469420	246	DecisionBody	POSITION	-42.33413	-71.26417	49.40772
1531237469437	247	Joystick1	1
1531237469437	247	DecisionBody	POSITION	-42.33413	-72.02161	49.29148
1531237469453	248	Joystick1	1
1531237469470	249	Joystick1	1
1531237469470	249	DecisionBody	POSITION	-42.33413	-72.78297	49.17523
1531237469487	250	Joystick1	1
1531237469487	250	DecisionBody	POSITION	-42.33413	-73.54826	49.05899
1531237469503	251	Joystick1	1
1531237469504	251	DecisionBody	POSITION	-42.33413	-74.31747	48.94274
1531237469520	252	Joystick1	1
1531237469520	252	DecisionBody	POSITION	-42.33413	-75.09061	48.8265
1531237469537	253	Joystick1	1
1531237469537	253	DecisionBody	POSITION	-42.33413	-75.86768	48.71025
1531237469553	254	Joystick1	1
1531237469570	255	Joystick1	1
1531237469570	255	DecisionBody	POSITION	-42.33413	-76.64866	48.59401
1531237469587	256	Joystick1	1
1531237469587	256	DecisionBody	POSITION	-42.33413	-77.43357	48.47776
1531237469603	257	Joystick1	1
1531237469604	257	DecisionBody	POSITION	-42.33413	-78.2224	48.36152
1531237469620	258	Joystick1	1
1531237469620	258	DecisionBody	POSITION	-42.33413	-79.01516	48.24527
1531237469636	259	Joystick1	1
1531237469636	259	DecisionBody	POSITION	-42.33413	-79.81184	48.12902
1531237469653	260	Joystick1	1
1531237469670	261	Joystick1	1
1531237469670	261	DecisionBody	POSITION	-42.33413	-80.61245	48.01278
1531237469686	262	Joystick1	1
1531237469686	262	DecisionBody	POSITION	-42.33413	-81.41698	47.89653
1531237469703	263	Joystick1	1
1531237469703	263	DecisionBody	POSITION	-42.33413	-82.22543	47.78029
1531237469719	264	Joystick1	1
1531237469720	264	DecisionBody	POSITION	-42.33413	-83.03781	47.66404
1531237469737	265	Joystick1	1
1531237469737	265	DecisionBody	POSITION	-42.33413	-83.85411	47.5478
1531237469753	266	Joystick1	1
1531237469770	267	Joystick1	1
1531237469770	267	DecisionBody	POSITION	-42.33413	-84.67434	47.43155
1531237469787	268	Joystick1	1
1531237469787	268	DecisionBody	POSITION	-42.33413	-85.49849	47.31531
1531237469803	269	Joystick1	1
1531237469803	269	DecisionBody	POSITION	-42.33413	-86.32656	47.19906
1531237469820	270	Joystick1	1
1531237469820	270	DecisionBody	POSITION	-42.33413	-87.15856	47.08282
1531237469836	271	Joystick1	1
1531237469837	271	DecisionBody	POSITION	-42.33413	-87.99448	46.96657
1531237469852	272	Joystick1	1
1531237469869	273	Joystick1	1
1531237469870	273	DecisionBody	POSITION	-42.33413	-88.83433	46.85033
1531237469886	274	Joystick1	1
1531237469886	274	DecisionBody	POSITION	-42.33413	-89.6781	46.73408
1531237469903	275	Joystick1	1
1531237469903	275	DecisionBody	POSITION	-42.33413	-90.52579	46.61784
1531237469919	276	Joystick1	1
1531237469919	276	DecisionBody	POSITION	-42.33413	-91.37741	46.50159
1531237469936	277	Joystick1	1
1531237469936	277	DecisionBody	POSITION	-42.33413	-92.23296	46.38535
1531237469952	278	Joystick1	1
1531237469969	279	Joystick1	1
1531237469969	279	DecisionBody	POSITION	-42.33413	-93.09242	46.2691
1531237469985	280	Joystick1	1
1531237469986	280	DecisionBody	POSITION	-42.33413	-93.95581	46.15285
1531237470002	281	Joystick1	1
1531237470002	281	DecisionBody	POSITION	-42.33413	-94.82313	46.03661
1531237470019	282	Joystick1	1
1531237470019	282	DecisionBody	POSITION	-42.33413	-95.69437	45.92036
1531237470035	283	Joystick1	1
1531237470036	283	DecisionBody	POSITION	-42.33413	-96.56953	45.80412
1531237470052	284	Joystick1	1
1531237470069	285	Joystick1	1
1531237470070	285	DecisionBody	POSITION	-42.33413	-97.44862	45.68787
1531237470086	286	Joystick1	1
1531237470086	286	DecisionBody	POSITION	-42.33413	-98.33163	45.57163
1531237470103	287	Joystick1	1
1531237470103	287	DecisionBody	POSITION	-42.33413	-99.21856	45.45538
1531237470119	288	Joystick1	1
1531237470119	288	DecisionBody	POSITION	-42.33413	-100.1094	45.33914
1531237470136	289	Joystick1	1
1531237470136	289	DecisionBody	POSITION	-42.33413	-101.0042	45.22289
1531237470152	290	Joystick1	1
1531237470169	291	Joystick1	1
1531237470170	291	DecisionBody	POSITION	-42.33413	-101.9029	45.10665
1531237470186	292	Joystick1	1
1531237470186	292	DecisionBody	POSITION	-42.33413	-102.8055	44.9904
1531237470203	293	Joystick1	0.949984
1531237470203	293	DecisionBody	POSITION	-42.33413	-103.7121	44.87416
1531237470219	294	Joystick1	0.9009939
1531237470219	294	DecisionBody	POSITION	-42.33413	-104.6226	44.75791
1531237470237	295	Joystick1	0.847972
1531237470237	295	DecisionBody	POSITION	-42.33413	-105.537	44.64167
1531237470253	296	Joystick1	0.7978662
1531237470270	297	Joystick1	0.7481441
1531237470270	297	DecisionBody	POSITION	-42.33413	-106.4553	44.52542
1531237470287	298	Joystick1	0.697975
1531237470287	298	DecisionBody	POSITION	-42.33413	-107.3776	44.40918
1531237470303	299	Joystick1	0.6482022
1531237470303	299	DecisionBody	POSITION	-42.33413	-108.3037	44.29293
1531237470320	300	Joystick1	0.5981532
1531237470320	300	DecisionBody	POSITION	-42.33413	-109.2338	44.17669
1531237470337	301	Joystick1	0.548071
1531237470337	301	DecisionBody	POSITION	-42.33413	-110.1679	44.06044
1531237470353	302	Joystick1	0.497947
1531237470370	303	Joystick1	0.448108
1531237470370	303	DecisionBody	POSITION	-42.33413	-111.1058	43.94419
1531237470387	304	Joystick1	0.3980801
1531237470387	304	DecisionBody	POSITION	-42.33413	-112.0477	43.82795
1531237470403	305	Joystick1	0.3482232
1531237470404	305	DecisionBody	POSITION	-42.33413	-112.9935	43.7117
1531237470420	306	Joystick1	0.2989153
1531237470420	306	DecisionBody	POSITION	-42.33413	-113.9432	43.59546
1531237470437	307	Joystick1	0.2483592
1531237470437	307	DecisionBody	POSITION	-42.33413	-114.8968	43.47921
1531237470452	308	Joystick1	0.1999693
1531237470469	309	Joystick1	0.1500312
1531237470470	309	DecisionBody	POSITION	-42.33413	-115.8544	43.36297
1531237470486	310	Joystick1	0.1002762
1531237470486	310	DecisionBody	POSITION	-42.33413	-116.8159	43.24672
1531237470503	311	Joystick1	0.05026305
1531237470503	311	DecisionBody	POSITION	-42.33413	-117.7813	43.13048
1531237470519	312	Joystick1	0.0003070831
1531237470520	312	DecisionBody	POSITION	-42.33413	-118.7506	43.01423
1531237470537	313	DecisionBody	POSITION	-42.33413	-119.7239	42.89799
1531237470570	315	DecisionBody	POSITION	-42.33413	-120.7011	42.78174
1531237470587	316	DecisionBody	POSITION	-42.33413	-121.6822	42.6655
1531237470603	317	DecisionBody	POSITION	-42.33413	-122.6672	42.54925
1531237470620	318	DecisionBody	POSITION	-42.33413	-123.6562	42.43301
1531237470637	319	DecisionBody	POSITION	-42.33413	-124.6491	42.31676
1531237470669	321	DecisionBody	POSITION	-42.33413	-125.6459	42.20052
1531237470686	322	DecisionBody	POSITION	-42.33413	-126.6466	42.08427
1531237470703	323	DecisionBody	POSITION	-42.33413	-127.6513	41.96803
1531237470719	324	DecisionBody	POSITION	-42.33413	-128.6599	41.85178
1531237470736	325	DecisionBody	POSITION	-42.33413	-129.6723	41.73553
1531237470769	327	DecisionBody	POSITION	-42.33413	-130.6888	41.61929
1531237470786	328	DecisionBody	POSITION	-42.33413	-131.7091	41.50304
1531237470803	329	DecisionBody	POSITION	-42.33413	-132.7334	41.3868
1531237470819	330	DecisionBody	POSITION	-42.33413	-133.7616	41.27055
1531237470837	331	DecisionBody	POSITION	-42.33413	-134.7937	41.15431
1531237470870	333	DecisionBody	POSITION	-42.33413	-135.8298	41.03806
1531237470887	334	DecisionBody	POSITION	-42.33413	-136.8698	40.92181
1531237470903	335	DecisionBody	POSITION	-42.33413	-137.9137	40.80557
1531237470920	336	DecisionBody	POSITION	-42.33413	-138.9615	40.68933
1531237470937	337	DecisionBody	POSITION	-42.33413	-140.0132	40.57308
1531237470970	339	DecisionBody	POSITION	-42.33413	-141.0689	40.45683
1531237470986	340	DecisionBody	POSITION	-42.33413	-142.1285	40.34059
1531237471003	341	Joystick1	-0.03317785
1531237471003	341	DecisionBody	POSITION	-42.33413	-143.192	40.22435
1531237471019	342	Joystick1	-0.06648397
1531237471020	342	DecisionBody	POSITION	-42.33413	-144.2594	40.1081
1531237471041	343	Joystick1	-0.1093678
1531237471041	343	DecisionBody	POSITION	-42.33413	-145.3308	39.99185
1531237471057	344	Joystick1	-0.1427338
1531237471058	344	DecisionBody	POSITION	-42.33413	-146.4061	39.87561
1531237471074	345	Joystick1	-0.1769879
1531237471091	346	Joystick1	-0.2091038
1531237471091	346	DecisionBody	POSITION	-42.33413	-147.4853	39.75937
1531237471108	347	Joystick1	-0.2429898
1531237471108	347	DecisionBody	POSITION	-42.33413	-148.5684	39.64312
1531237471124	348	Joystick1	-0.2756698
1531237471124	348	DecisionBody	POSITION	-42.33413	-149.6555	39.52687
1531237471141	349	Joystick1	-0.3101938
1531237471141	349	DecisionBody	POSITION	-42.33413	-150.7465	39.41063
1531237471157	350	Joystick1	-0.34233
1531237471157	350	DecisionBody	POSITION	-42.33413	-151.8414	39.29439
1531237471174	351	Joystick1	-0.3756979
1531237471190	352	Joystick1	-0.4078958
1531237471190	352	DecisionBody	POSITION	-42.33413	-152.9402	39.17814
1531237471207	353	Joystick1	-0.441746
1531237471207	353	DecisionBody	POSITION	-42.33413	-154.043	39.06189
1531237471223	354	Joystick1	-0.474468
1531237471224	354	DecisionBody	POSITION	-42.33413	-155.1496	38.94565
1531237471240	355	Joystick1	-0.5077519
1531237471240	355	DecisionBody	POSITION	-42.33413	-156.2603	38.82941
1531237471256	356	Joystick1	-0.5403659
1531237471256	356	DecisionBody	POSITION	-42.33413	-157.3748	38.71316
1531237471272	357	Joystick1	-0.573622
1531237471290	358	Joystick1	-0.607636
1531237471290	358	DecisionBody	POSITION	-42.33413	-158.4932	38.59691
1531237471307	359	Joystick1	-0.6409459
1531237471307	359	DecisionBody	POSITION	-42.33413	-159.6156	38.48067
1531237471323	360	Joystick1	-0.6741939
1531237471323	360	DecisionBody	POSITION	-42.33413	-160.7419	38.36443
1531237471339	361	Joystick1	-0.7061739
1531237471339	361	DecisionBody	POSITION	-42.33413	-161.8721	38.24818
1531237471356	362	Joystick1	-0.7394319
1531237471356	362	DecisionBody	POSITION	-42.33413	-163.0063	38.13193
1531237471372	363	Joystick1	-0.7730439
1531237471389	364	Joystick1	-0.8059938
1531237471389	364	DecisionBody	POSITION	-42.33413	-164.1444	38.01569
1531237471405	365	Joystick1	-0.8383839
1531237471405	365	DecisionBody	POSITION	-42.33413	-165.2864	37.89944
1531237471422	366	Joystick1	-0.87287
1531237471423	366	DecisionBody	POSITION	-42.33413	-166.4323	37.7832
1531237471438	367	Joystick1	-0.9046059
1531237471439	367	DecisionBody	POSITION	-42.33413	-167.5821	37.66695
1531237471455	368	Joystick1	-0.9378538
1531237471472	369	Joystick1	-0.9715059
1531237471472	369	DecisionBody	POSITION	-42.33413	-168.7359	37.5507
1531237471489	370	Joystick1	-1
1531237471489	370	DecisionBody	POSITION	-42.33413	-169.8936	37.43446
1531237471505	371	Joystick1	-1
1531237471505	371	DecisionBody	POSITION	-42.33413	-171.0552	37.31821
1531237471522	372	Joystick1	-1
1531237471522	372	DecisionBody	POSITION	-42.33413	-172.2207	37.20197
1531237471538	373	Joystick1	-1
1531237471538	373	DecisionBody	POSITION	-42.33413	-173.3902	37.08572
1531237471554	374	Joystick1	-1
1531237471571	375	Joystick1	-1
1531237471571	375	DecisionBody	POSITION	-42.33413	-174.5636	36.96948
1531237471588	376	Joystick1	-1
1531237471588	376	DecisionBody	POSITION	-42.33413	-175.7409	36.85323
1531237471604	377	Joystick1	-1
1531237471604	377	DecisionBody	POSITION	-42.33413	-176.9221	36.73698
1531237471621	378	Joystick1	-1
1531237471621	378	DecisionBody	POSITION	-42.33413	-178.1073	36.62074
1531237471637	379	Joystick1	-1
1531237471637	379	DecisionBody	POSITION	-42.33413	-179.2964	36.5045
1531237471653	380	Joystick1	-1
1531237471671	381	Joystick1	-1
1531237471671	381	DecisionBody	POSITION	-42.33413	-180.4894	36.38825
1531237471687	382	Joystick1	-1
1531237471687	382	DecisionBody	POSITION	-42.33413	-181.6863	36.272
1531237471704	383	Joystick1	-1
1531237471704	383	DecisionBody	POSITION	-42.33413	-182.8872	36.15576
1531237471720	384	Joystick1	-1
1531237471721	384	DecisionBody	POSITION	-42.33413	-184.0919	36.03952
1531237471737	385	Joystick1	-1
1531237471737	385	DecisionBody	POSITION	-42.33413	-185.3007	35.92327
1531237471753	386	Joystick1	-1
1531237471770	387	Joystick1	-1
1531237471770	387	DecisionBody	POSITION	-42.33413	-186.5133	35.80702
1531237471787	388	Joystick1	-1
1531237471787	388	DecisionBody	POSITION	-42.33413	-187.7298	35.69078
1531237471803	389	Joystick1	-1
1531237471803	389	DecisionBody	POSITION	-42.33413	-188.9503	35.57454
1531237471820	390	Joystick1	-1
1531237471820	390	DecisionBody	POSITION	-42.33413	-190.1747	35.45829
1531237471837	391	Joystick1	-1
1531237471837	391	DecisionBody	POSITION	-42.33413	-191.403	35.34204
1531237471853	392	Joystick1	-1
1531237471870	393	Joystick1	-1
1531237471870	393	DecisionBody	POSITION	-42.33413	-192.6353	35.2258
1531237471887	394	Joystick1	-1
1531237471887	394	DecisionBody	POSITION	-42.33413	-193.8715	35.10956
1531237471903	395	Joystick1	-1
1531237471903	395	DecisionBody	POSITION	-42.33413	-195.1116	34.99331
1531237471920	396	Joystick1	-1
1531237471920	396	DecisionBody	POSITION	-42.33413	-196.3556	34.87706
1531237471937	397	Joystick1	-1
1531237471937	397	DecisionBody	POSITION	-42.33413	-197.6035	34.76082
1531237471953	398	Joystick1	-1
1531237471970	399	Joystick1	-1
1531237471970	399	DecisionBody	POSITION	-42.33413	-198.8554	34.64458
1531237471986	400	Joystick1	-1
1531237471987	400	DecisionBody	POSITION	-42.33413	-200.1112	34.52833
1531237472003	401	Joystick1	-1
1531237472003	401	DecisionBody	POSITION	-42.33413	-201.3709	34.41208
1531237472020	402	Joystick1	-1
1531237472020	402	DecisionBody	POSITION	-42.33413	-202.6345	34.29584
1531237472036	403	Joystick1	-1
1531237472037	403	DecisionBody	POSITION	-42.33413	-203.9021	34.1796
1531237472052	404	Joystick1	-1
1531237472069	405	Joystick1	-1
1531237472070	405	DecisionBody	POSITION	-42.33413	-205.1736	34.06335
1531237472086	406	Joystick1	-1
1531237472086	406	DecisionBody	POSITION	-42.33413	-206.449	33.9471
1531237472103	407	Joystick1	-1
1531237472103	407	DecisionBody	POSITION	-42.33413	-207.7283	33.83086
1531237472119	408	Joystick1	-1
1531237472119	408	DecisionBody	POSITION	-42.33413	-209.0116	33.71461
1531237472137	409	Joystick1	-1
1531237472137	409	DecisionBody	POSITION	-42.33413	-210.2988	33.59837
1531237472153	410	Joystick1	-1
1531237472170	411	Joystick1	-1
1531237472170	411	DecisionBody	POSITION	-42.33413	-211.5899	33.48212
1531237472187	412	Joystick1	-1
1531237472187	412	DecisionBody	POSITION	-42.33413	-212.8849	33.36588
1531237472203	413	Joystick1	-1
1531237472203	413	DecisionBody	POSITION	-42.33413	-214.1839	33.24963
1531237472220	414	Joystick1	-1
1531237472220	414	DecisionBody	POSITION	-42.33413	-215.4868	33.13338
1531237472237	415	Joystick1	-1
1531237472237	415	DecisionBody	POSITION	-42.33413	-216.7936	33.01714
1531237472253	416	Joystick1	-1
1531237472270	417	Joystick1	-1
1531237472270	417	DecisionBody	POSITION	-42.33413	-218.1043	32.90089
1531237472286	418	Joystick1	-1
1531237472287	418	DecisionBody	POSITION	-42.33413	-219.4189	32.78465
1531237472303	419	Joystick1	-1
1531237472303	419	DecisionBody	POSITION	-42.33413	-220.7375	32.6684
1531237472320	420	Joystick1	-1
1531237472320	420	DecisionBody	POSITION	-42.33413	-222.06	32.55215
1531237472337	421	Joystick1	-1
1531237472337	421	DecisionBody	POSITION	-42.33413	-223.3864	32.43591
1531237472352	422	Joystick1	-1
1531237472369	423	Joystick1	-1
1531237472370	423	DecisionBody	POSITION	-42.33413	-224.7168	32.31967
1531237472386	424	Joystick1	-1
1531237472386	424	DecisionBody	POSITION	-42.33413	-226.0511	32.20342
1531237472403	425	Joystick1	-1
1531237472403	425	DecisionBody	POSITION	-42.33413	-227.3893	32.08717
1531237472419	426	Joystick1	-1
1531237472419	426	DecisionBody	POSITION	-42.33413	-228.7314	31.97093
1531237472437	427	Joystick1	-1
1531237472437	427	DecisionBody	POSITION	-42.33413	-230.0774	31.85469
1531237472453	428	Joystick1	-1
1531237472470	429	Joystick1	-1
1531237472470	429	DecisionBody	POSITION	-42.33413	-231.4274	31.73844
1531237472487	430	Joystick1	-1
1531237472487	430	DecisionBody	POSITION	-42.33413	-232.7813	31.62219
1531237472503	431	Joystick1	-1
1531237472503	431	DecisionBody	POSITION	-42.33413	-234.1391	31.50595
1531237472520	432	Joystick1	-1
1531237472520	432	DecisionBody	POSITION	-42.33413	-235.5009	31.38971
1531237472537	433	Joystick1	-1
1531237472537	433	DecisionBody	POSITION	-42.33413	-236.8665	31.27346
1531237472553	434	Joystick1	-1
1531237472570	435	Joystick1	-1
1531237472570	435	DecisionBody	POSITION	-42.33413	-238.2361	31.15721
1531237472587	436	Joystick1	-1
1531237472587	436	DecisionBody	POSITION	-42.33413	-239.6096	31.04097
1531237472603	437	Joystick1	-1
1531237472603	437	DecisionBody	POSITION	-42.33413	-240.987	30.92473
1531237472620	438	Joystick1	-1
1531237472620	438	DecisionBody	POSITION	-42.33413	-242.3684	30.80848
1531237472637	439	Joystick1	-1
1531237472637	439	DecisionBody	POSITION	-42.33413	-243.7537	30.69223
1531237472652	440	Joystick1	-1
1531237472669	441	Joystick1	-1
1531237472670	441	DecisionBody	POSITION	-42.33413	-245.1429	30.57599
1531237472686	442	Joystick1	-0.9502032
1531237472686	442	DecisionBody	POSITION	-42.33413	-246.536	30.45975
1531237472703	443	Joystick1	-0.8997101
1531237472703	443	DecisionBody	POSITION	-42.33413	-247.9331	30.3435
1531237472719	444	Joystick1	-0.8498982
1531237472720	444	DecisionBody	POSITION	-42.33413	-249.3341	30.22725
1531237472736	445	Joystick1	-0.799369
1531237472736	445	DecisionBody	POSITION	-42.33413	-250.739	30.11101
1531237472752	446	Joystick1	-0.7494552
1531237472769	447	Joystick1	-0.6995951
1531237472770	447	DecisionBody	POSITION	-42.33413	-252.1478	29.99477
1531237472786	448	Joystick1	-0.6496391
1531237472786	448	DecisionBody	POSITION	-42.33413	-253.5605	29.87852
1531237472803	449	Joystick1	-0.5996202
1531237472803	449	DecisionBody	POSITION	-42.33413	-254.9772	29.76227
