1530819418825	0	InfoGroup	CANVAS_GROUP_ALPHA	0
1530819418827	0	P1CamZone_2	POSITION	-15.82333	-0.5099945	-11
1530819418828	0	P1CamZone_2	ROTATION	0	0	0
1530819418828	0	P1CamZone_2	SCALE	-4.254174	0.6542862	-4.254172
1530819418829	0	SESS_START	1	ShopliftCog v0.1
1530819418830	0	MIC_TEST
1530819418830	0	P2CamZone	POSITION	32.94873	-0.5099945	-11
1530819418830	0	P2CamZone	ROTATION	0	0	0
1530819418830	0	P2CamZone	SCALE	-4.25417	0.65429	-4.25417
1530819418830	0	P1CamZone	POSITION	-24.54425	-0.5099945	-11
1530819418830	0	P1CamZone	ROTATION	0	0	0
1530819418830	0	P1CamZone	SCALE	-4.254174	0.6542862	-4.254172
1530819418830	0	DecisionBody	POSITION	57.06	0.9043427	-11
1530819418830	0	DecisionBody	ROTATION	0	90	0
1530819418830	0	DecisionBody	SCALE	1	1	1
1530819418831	0	InstructionScreen	CANVAS_GROUP_ALPHA	1
1530819418831	0	P2CamZone_2	POSITION	46.34457	-0.5099945	-11
1530819418831	0	P2CamZone_2	ROTATION	0	0	0
1530819418831	0	P2CamZone_2	SCALE	-4.25417	0.65429	-4.25417
1530819418831	0	IntertrialScreen	CANVAS_GROUP_ALPHA	0
1530819418879	1	DecisionBody	POSITION	57.06	0.865097	-11
1530819418906	2	DecisionBody	POSITION	57.06	0.8454895	-11
1530819419025	3	DecisionBody	POSITION	57.06	0.6453552	-11
1530819419105	4	DecisionBody	POSITION	57.06	0.4334564	-11
1530819419157	5	DecisionBody	POSITION	57.06	0.302124	-11
1530819419375	11	InstructionScreen	CANVAS_GROUP_ALPHA	0
1530819419403	12	STAGE_1	STARTED
1530819419405	12	PHASE_1_MOVE	STARTED
1530819419406	12	PlantAudio	AUDIO_PLAYING	PlantAudio	Eastern Thought	IS_LOOPING	True	67.57162	2.339996	-10.96818
1530819419407	12	AnimBody	POSITION	-43.24924	0.9043357	-11
1530819419407	12	AnimBody	ROTATION	0	90	0
1530819419407	12	AnimBody	SCALE	1	1	1
1530819419407	12	DecisionBody	POSITION	-2.349243	0.9043427	-11.01429
1530819419457	13	AnimBody	POSITION	-43.23562	0.9043357	-11
1530819419457	13	DecisionBody	POSITION	-2.349243	0.8807983	-11.01429
1530819419541	14	AnimBody	POSITION	-43.15859	0.9043357	-11.00003
1530819419541	14	DecisionBody	POSITION	-2.349243	0.7944641	-11.01429
1530819419588	15	AnimBody	POSITION	-43.08515	0.9043357	-11.00006
1530819419588	15	DecisionBody	POSITION	-2.349243	0.7277679	-11.01429
1530819419641	16	AnimBody	POSITION	-42.9794	0.9043357	-11.00009
1530819419641	16	DecisionBody	POSITION	-2.349243	0.5982666	-11.01429
1530819419725	17	AnimBody	POSITION	-42.76052	0.9043357	-11.00017
1530819419725	17	DecisionBody	POSITION	-2.349243	0.3706818	-11.01429
1530819419773	18	AnimBody	POSITION	-42.60784	0.9043357	-11.00022
1530819419773	18	DecisionBody	POSITION	-2.349243	0.302124	-11.01429
1530819419820	19	AnimBody	POSITION	-42.43596	0.9043357	-11.00028
1530819419888	20	AnimBody	POSITION	-42.15933	0.9043357	-11.00038
1530819419941	21	AnimBody	POSITION	-41.92104	0.9043357	-11.00046
1530819419988	22	AnimBody	POSITION	-41.6843	0.9043357	-11.00055
1530819420056	23	AnimBody	POSITION	-41.31827	0.9043357	-11.00068
1530819420104	24	AnimBody	POSITION	-41.04077	0.9043357	-11.00077
1530819420157	25	AnimBody	POSITION	-40.7181	0.9043357	-11.00088
1530819420225	26	AnimBody	POSITION	-40.26945	0.9043357	-11.00104
1530819420272	27	AnimBody	POSITION	-39.93755	0.9043357	-11.00116
1530819420320	28	AnimBody	POSITION	-39.58688	0.9043357	-11.00128
1530819420389	29	AnimBody	POSITION	-39.06758	0.9043357	-11.00146
1530819420441	30	AnimBody	POSITION	-38.64941	0.9043357	-11.00161
1530819420488	31	AnimBody	POSITION	-38.25365	0.9043357	-11.00175
1530819420556	32	AnimBody	POSITION	-37.66662	0.9043357	-11.00195
1530819420609	33	AnimBody	POSITION	-37.19942	0.9043357	-11.00211
1530819420656	34	AnimBody	POSITION	-36.75618	0.9043357	-11.00227
1530819420720	35	AnimBody	POSITION	-36.15708	0.9043357	-11.00248
1530819420773	36	AnimBody	POSITION	-35.64687	0.9043357	-11.00266
1530819420820	37	AnimBody	POSITION	-35.17076	0.9043357	-11.00282
1530819420889	38	AnimBody	POSITION	-34.47581	0.9043357	-11.00307
1530819420941	39	AnimBody	POSITION	-33.92986	0.9043357	-11.00326
1530819420988	40	AnimBody	POSITION	-33.42093	0.9043357	-11.00343
1530819421057	41	AnimBody	POSITION	-32.68037	0.9043357	-11.00369
1530819421104	42	AnimBody	POSITION	-32.15456	0.9043357	-11.00388
1530819421157	43	AnimBody	POSITION	-31.56743	0.9043357	-11.00408
1530819421225	44	AnimBody	POSITION	-30.79189	0.9043357	-11.00435
1530819421273	45	AnimBody	POSITION	-30.24363	0.9043357	-11.00454
1530819421273	45	DecisionBody	POSITION	-2.288666	0.3000183	-11.01429
1530819421325	46	AnimBody	POSITION	-29.63165	0.9043357	-11.00476
1530819421325	46	DecisionBody	POSITION	-2.269928	0.3000031	-11.01472
1530819421389	47	AnimBody	POSITION	-28.88304	0.9043357	-11.00502
1530819421389	47	DecisionBody	POSITION	-2.357788	0.3000031	-11.0157
1530819421441	48	AnimBody	POSITION	-28.25981	0.9043357	-11.00524
1530819421441	48	DecisionBody	POSITION	-2.449036	0.3000031	-11.01615
1530819421489	49	AnimBody	POSITION	-27.68686	0.9043357	-11.00544
1530819421489	49	DecisionBody	POSITION	-2.628906	0.3000031	-11.0167
1530819421558	50	AnimBody	POSITION	-26.86551	0.9043357	-11.00572
1530819421558	50	DecisionBody	POSITION	-2.847839	0.3000031	-11.01711
1530819421604	51	AnimBody	POSITION	-26.28574	0.9043357	-11.00593
1530819421604	51	DecisionBody	POSITION	-2.94751	0.3000031	-11.01747
1530819421657	52	AnimBody	POSITION	-25.64498	0.9043357	-11.00615
1530819421657	52	DecisionBody	POSITION	-3.048798	0.3000031	-11.01797
1530819421721	53	AnimBody	POSITION	-24.86054	0.9043357	-11.00643
1530819421721	53	DecisionBody	POSITION	-3.12262	0.3000031	-11.01834
1530819421773	54	AnimBody	POSITION	-24.22027	0.9043357	-11.00665
1530819421773	54	DecisionBody	POSITION	-3.176453	0.3000031	-11.0186
1530819421820	55	AnimBody	POSITION	-23.62586	0.9043357	-11.00686
1530819421820	55	DecisionBody	POSITION	-3.172638	0.3000031	-11.01874
1530819421888	56	AnimBody	POSITION	-22.79114	0.9043357	-11.00715
1530819421941	57	AnimBody	POSITION	-22.14266	0.9043357	-11.00738
1530819421988	58	AnimBody	POSITION	-21.55122	0.9043357	-11.00758
1530819422056	59	AnimBody	POSITION	-20.71466	0.9043357	-11.00787
1530819422104	60	AnimBody	POSITION	-20.13142	0.9043357	-11.00808
1530819422141	61	AnimBody	POSITION	-19.68187	0.9043357	-11.00823
1530819422204	62	AnimBody	POSITION	-18.90889	0.9043357	-11.0085
1530819422240	63	AnimBody	POSITION	-18.46709	0.9043357	-11.00866
1530819422289	64	AnimBody	POSITION	-17.89266	0.9043357	-11.00886
1530819422341	65	AnimBody	POSITION	-17.26175	0.9043357	-11.00908
1530819422409	66	AnimBody	POSITION	-16.45898	0.9043357	-11.00936
1530819422456	67	AnimBody	POSITION	-15.8964	0.9043357	-11.00956
1530819422504	68	AnimBody	POSITION	-15.33882	0.9043357	-11.00975
1530819422573	69	AnimBody	POSITION	-14.55572	0.9043357	-11.01003
1530819422624	70	AnimBody	POSITION	-13.9672	0.9043357	-11.01023
1530819422673	71	AnimBody	POSITION	-13.42799	0.9043357	-11.01042
1530819422740	72	AnimBody	POSITION	-12.67837	0.9043357	-11.01068
1530819422788	73	AnimBody	POSITION	-12.1643	0.9043357	-11.01086
1530819422824	74	AnimBody	POSITION	-11.77143	0.9043357	-11.011
1530819422888	75	AnimBody	POSITION	-11.10891	0.9043357	-11.01123
1530819422924	76	AnimBody	POSITION	-10.73427	0.9043357	-11.01136
1530819422973	77	AnimBody	POSITION	-10.25245	0.9043357	-11.01153
1530819423020	78	AnimBody	POSITION	-9.778759	0.9043357	-11.0117
1530819423073	79	AnimBody	POSITION	-9.27388	0.9043357	-11.01187
1530819423125	80	AnimBody	POSITION	-8.782539	0.9043357	-11.01204
1530819423173	81	AnimBody	POSITION	-8.345863	0.9043357	-11.0122
1530819423257	82	AnimBody	POSITION	-7.60318	0.9043357	-11.01246
1530819423288	83	AnimBody	POSITION	-7.33255	0.9043357	-11.01255
1530819423325	84	AnimBody	POSITION	-7.027447	0.9043357	-11.01266
1530819423389	85	AnimBody	POSITION	-6.517529	0.9043357	-11.01284
1530819423441	86	AnimBody	POSITION	-6.117702	0.9043357	-11.01297
1530819423488	87	AnimBody	POSITION	-5.764729	0.9043357	-11.0131
1530819423556	88	AnimBody	POSITION	-5.288784	0.9043357	-11.01326
1530819423609	89	AnimBody	POSITION	-4.943832	0.9043357	-11.01338
1530819423657	90	AnimBody	POSITION	-4.643715	0.9043357	-11.01349
1530819423725	91	AnimBody	POSITION	-4.247746	0.9043357	-11.01363
1530819423773	92	AnimBody	POSITION	-3.989143	0.9043357	-11.01372
1530819423824	93	AnimBody	POSITION	-3.726963	0.9043357	-11.01381
1530819423888	94	AnimBody	POSITION	-3.433475	0.9043357	-11.01391
1530819423925	95	AnimBody	POSITION	-3.280697	0.9043357	-11.01397
1530819423973	96	AnimBody	POSITION	-3.097706	0.9043357	-11.01403
1530819424003	97	AnimBody	POSITION	-2.985558	0.9043357	-11.01407
1530819424073	98	AnimBody	POSITION	-2.775307	0.9043357	-11.01414
1530819424103	99	AnimBody	POSITION	-2.691021	0.9043357	-11.01417
1530819424140	100	AnimBody	POSITION	-2.585638	0.9043357	-11.01421
1530819424172	101	AnimBody	POSITION	-2.500867	0.9043357	-11.01424
1530819424220	102	AnimBody	POSITION	-2.416307	0.9043357	-11.01427
1530819424256	103	AnimBody	POSITION	-2.378783	0.9043357	-11.01428
1530819424287	104	AnimBody	POSITION	-2.360411	0.9043357	-11.01429
1530819424325	105	AnimBody	POSITION	-2.351147	0.9043357	-11.01429
1530819424372	106	AnimBody	POSITION	-2.349242	0.9043357	-11.01429
1530819424440	108	PHASE_1_MOVE	ENDED
1530819424440	108	DECISION_EVENT	True
1530819425103	125	DecisionBody	POSITION	-3.183441	0.3000031	-11.01874
1530819425140	126	DecisionBody	POSITION	-3.233215	0.3000031	-11.01892
1530819425171	127	DecisionBody	POSITION	-3.314575	0.3000031	-11.01911
1530819425203	128	DecisionBody	POSITION	-3.365204	0.3000031	-11.0192
1530819425256	129	DecisionBody	POSITION	-3.549194	0.3000031	-11.01941
1530819425287	130	DecisionBody	POSITION	-3.619537	0.3000031	-11.01946
1530819425324	131	DecisionBody	POSITION	-3.771149	0.3000031	-11.01997
1530819425356	132	DecisionBody	POSITION	-3.934998	0.3000031	-11.02081
1530819425424	133	DecisionBody	POSITION	-4.1987	0.3000031	-11.02261
1530819425456	134	DecisionBody	POSITION	-4.383911	0.3000031	-11.02419
1530819425488	135	DecisionBody	POSITION	-4.47876	0.3000031	-11.02499
1530819425524	136	DecisionBody	POSITION	-4.672302	0.3000031	-11.02637
1530819425572	137	DecisionBody	POSITION	-4.970337	0.3000031	-11.02933
1530819425608	138	DecisionBody	POSITION	-5.173065	0.3000031	-11.03128
1530819425640	139	DecisionBody	POSITION	-5.275391	0.3000031	-11.03211
1530819425672	140	DecisionBody	POSITION	-5.450409	0.3000031	-11.03353
1530819425708	141	DecisionBody	POSITION	-5.592163	0.3000031	-11.03468
1530819425756	142	DecisionBody	POSITION	-5.70697	0.3000031	-11.03561
1530819425787	143	DecisionBody	POSITION	-5.75592	0.3000031	-11.03601
1530819425824	144	DecisionBody	POSITION	-5.83963	0.3000031	-11.03669
1530819425856	145	DecisionBody	POSITION	-5.90741	0.3000031	-11.03724
1530819425888	146	DecisionBody	POSITION	-5.93634	0.3000031	-11.03747
1530819425957	147	DecisionBody	POSITION	-6.025787	0.3000031	-11.0382
1530819427156	178	DecisionBody	POSITION	-5.994476	0.3000031	-11.03911
1530819427188	179	DecisionBody	POSITION	-5.965332	0.3000031	-11.04111
1530819427224	180	DecisionBody	POSITION	-5.884369	0.3000031	-11.04834
1530819427272	181	DecisionBody	POSITION	-5.716644	0.3000031	-11.06288
1530819427303	182	DecisionBody	POSITION	-5.650726	0.3000031	-11.06771
1530819427340	183	DecisionBody	POSITION	-5.506683	0.3000031	-11.07606
1530819427372	184	DecisionBody	POSITION	-5.348938	0.3000031	-11.08294
1530819427408	185	DecisionBody	POSITION	-5.180145	0.3000031	-11.08866
1530819427472	186	DecisionBody	POSITION	-4.910675	0.3000031	-11.09592
1530819427508	187	DecisionBody	POSITION	-4.722565	0.3000031	-11.10015
1530819427540	188	DecisionBody	POSITION	-4.626465	0.3000031	-11.10201
1530819427572	189	DecisionBody	POSITION	-4.430786	0.3000031	-11.10519
1530819427641	190	DecisionBody	POSITION	-4.130249	0.3000031	-11.10887
1530819427672	191	DecisionBody	POSITION	-3.926239	0.3000031	-11.11075
1530819427708	192	DecisionBody	POSITION	-3.719971	0.3000031	-11.11242
1530819427740	193	DecisionBody	POSITION	-3.616119	0.3000031	-11.11326
1530819427804	194	DecisionBody	POSITION	-3.302216	0.3000031	-11.11531
1530819427840	195	DecisionBody	POSITION	-3.0914	0.3000031	-11.11636
1530819427872	196	DecisionBody	POSITION	-2.879578	0.3000031	-11.1172
1530819427903	197	DecisionBody	POSITION	-2.773376	0.3000031	-11.11757
1530819427956	198	DecisionBody	POSITION	-2.514313	0.3000031	-11.11845
1530819427987	199	DecisionBody	POSITION	-2.444611	0.3000031	-11.11868
1530819428024	200	DecisionBody	POSITION	-2.325439	0.3000031	-11.11909
1530819428056	201	DecisionBody	POSITION	-2.228912	0.3000031	-11.11942
1530819428108	202	DecisionBody	POSITION	-2.117401	0.3000031	-11.1198
1530819428139	203	DecisionBody	POSITION	-2.087402	0.3000031	-11.1199
1530819428172	204	DecisionBody	POSITION	-2.036102	0.3000031	-11.12007
1530819428208	205	DecisionBody	POSITION	-1.994568	0.3000031	-11.12022
1530819429287	233	DecisionBody	POSITION	-1.994568	0.3000031	-11.13102
1530819429324	234	DecisionBody	POSITION	-2.021454	0.3000031	-11.16555
1530819429356	235	DecisionBody	POSITION	-2.079865	0.3000031	-11.21191
1530819429424	236	DecisionBody	POSITION	-2.216095	0.3000031	-11.29405
1530819429455	237	DecisionBody	POSITION	-2.328888	0.3000031	-11.36139
1530819429487	238	DecisionBody	POSITION	-2.38678	0.3000031	-11.40229
1530819429524	239	DecisionBody	POSITION	-2.488678	0.3000031	-11.50341
1530819429572	240	DecisionBody	POSITION	-2.617767	0.3000031	-11.69378
1530819429603	241	DecisionBody	POSITION	-2.662933	0.3000031	-11.76122
1530819429640	242	DecisionBody	POSITION	-2.766968	0.3000031	-11.89269
1530819429672	243	DecisionBody	POSITION	-2.880585	0.3000031	-12.02744
1530819429703	244	DecisionBody	POSITION	-2.934967	0.3000031	-12.09918
1530819429756	245	DecisionBody	POSITION	-3.077393	0.3000031	-12.33395
1530819429787	246	DecisionBody	POSITION	-3.121124	0.3000031	-12.41712
1530819429823	247	DecisionBody	POSITION	-3.205353	0.3000031	-12.58922
1530819429855	248	DecisionBody	POSITION	-3.29187	0.3000031	-12.76517
1530819429903	249	DecisionBody	POSITION	-3.380493	0.3000031	-12.94429
1530819429939	250	DecisionBody	POSITION	-3.47287	0.3000031	-13.12483
1530819429971	251	DecisionBody	POSITION	-3.572388	0.3000031	-13.30376
1530819430008	252	DecisionBody	POSITION	-3.676331	0.3000031	-13.48243
1530819430055	253	DecisionBody	POSITION	-3.784088	0.3000031	-13.66074
1530819430087	254	DecisionBody	POSITION	-3.838348	0.3000031	-13.75031
1530819430124	255	DecisionBody	POSITION	-3.942871	0.3000031	-13.93251
1530819430156	256	DecisionBody	POSITION	-4.031158	0.3000031	-14.12041
1530819430187	257	DecisionBody	POSITION	-4.065643	0.3000031	-14.21596
1530819430240	258	DecisionBody	POSITION	-4.140533	0.3000031	-14.50888
1530819430271	259	DecisionBody	POSITION	-4.189575	0.3000031	-14.70566
1530819430308	260	DecisionBody	POSITION	-4.219971	0.3000031	-14.80214
1530819430356	261	DecisionBody	POSITION	-4.336792	0.3000031	-15.08047
1530819430424	262	DecisionBody	POSITION	-4.491577	0.3000031	-15.33623
1530819430456	263	DecisionBody	POSITION	-4.612823	0.3000031	-15.49464
1530819430488	264	DecisionBody	POSITION	-4.677185	0.3000031	-15.57176
1530819430524	265	DecisionBody	POSITION	-4.811462	0.3000031	-15.72348
1530819430588	266	DecisionBody	POSITION	-5.027618	0.3000031	-15.94134
1530819430624	267	DecisionBody	POSITION	-5.181458	0.3000031	-16.07832
1530819430656	268	DecisionBody	POSITION	-5.314575	0.3000031	-16.19393
1530819430687	269	DecisionBody	POSITION	-5.371338	0.3000031	-16.24321
1530819430740	270	DecisionBody	POSITION	-5.509766	0.3000031	-16.36342
1530819430771	271	DecisionBody	POSITION	-5.580505	0.3000031	-16.42486
1530819430803	272	DecisionBody	POSITION	-5.610687	0.3000031	-16.45106
1530819430840	273	DecisionBody	POSITION	-5.662262	0.3000031	-16.49584
1530819430887	274	DecisionBody	POSITION	-5.704041	0.3000031	-16.53212
1530819430924	275	DecisionBody	POSITION	-5.737854	0.3000031	-16.56151
1530819430956	276	DecisionBody	POSITION	-5.765289	0.3000031	-16.58531
1530819430987	277	DecisionBody	POSITION	-5.776978	0.3000031	-16.59546
1530819431024	278	DecisionBody	POSITION	-5.796936	0.3000031	-16.61281
1530819431072	279	DecisionBody	POSITION	-5.820038	0.3000031	-16.63286
1530819431103	280	DecisionBody	POSITION	-5.826233	0.3000031	-16.63825
1530819431140	281	DecisionBody	POSITION	-5.836853	0.3000031	-16.64747
1530819431171	282	DecisionBody	POSITION	-5.845459	0.3000031	-16.65494
1530819431207	283	DecisionBody	POSITION	-5.849121	0.3000031	-16.65813
1530819431272	284	DecisionBody	POSITION	-5.860474	0.3000031	-16.66798
1530819431307	285	DecisionBody	POSITION	-5.86264	0.3000031	-16.66986
1530819431340	286	DecisionBody	POSITION	-5.866333	0.3000031	-16.67308
1530819431371	287	DecisionBody	POSITION	-5.869354	0.3000031	-16.67568
1530819431440	288	DecisionBody	POSITION	-5.872803	0.3000031	-16.67869
1530819431471	289	DecisionBody	POSITION	-5.874573	0.3000031	-16.68023
1530819431503	290	DecisionBody	POSITION	-5.875336	0.3000031	-16.68089
1530819431540	291	DecisionBody	POSITION	-5.876617	0.3000031	-16.68201
1530819431587	292	DecisionBody	POSITION	-5.877686	0.3000031	-16.68292
1530819431624	293	DecisionBody	POSITION	-5.87851	0.3000031	-16.68365
1530819431656	294	DecisionBody	POSITION	-5.879211	0.3000031	-16.68425
1530819431687	295	DecisionBody	POSITION	-5.879486	0.3000031	-16.6845
1530819431724	296	DecisionBody	POSITION	-5.880005	0.3000031	-16.68494
1530819431787	297	DecisionBody	POSITION	-5.880585	0.3000031	-16.68544
1530819431823	298	DecisionBody	POSITION	-5.880859	0.3000031	-16.6857
1530819431856	299	DecisionBody	POSITION	-5.881104	0.3000031	-16.6859
1530819431887	300	DecisionBody	POSITION	-5.881226	0.3000031	-16.68599
1530819431940	301	DecisionBody	POSITION	-5.88147	0.3000031	-16.68621
1530819431972	302	DecisionBody	POSITION	-5.881592	0.3000031	-16.68632
1530819432008	303	DecisionBody	POSITION	-5.881653	0.3000031	-16.68637
1530819432040	304	DecisionBody	POSITION	-5.881683	0.3000031	-16.68641
1530819432356	312	DecisionBody	POSITION	-5.889709	0.3000031	-16.71669
1530819432387	313	DecisionBody	POSITION	-5.895325	0.3000031	-16.7453
1530819432439	314	DecisionBody	POSITION	-5.907349	0.3000031	-16.87567
1530819432471	315	DecisionBody	POSITION	-5.909882	0.3000031	-16.99254
1530819432503	316	DecisionBody	POSITION	-5.90976	0.3000031	-17.05823
1530819432540	317	DecisionBody	POSITION	-5.905273	0.3000031	-17.20159
1530819432608	318	DecisionBody	POSITION	-5.892517	0.3000031	-17.44127
1530819432640	319	DecisionBody	POSITION	-5.878906	0.3000031	-17.61365
1530819432672	320	DecisionBody	POSITION	-5.856476	0.3000031	-17.7926
1530819432708	321	DecisionBody	POSITION	-5.829437	0.3000031	-17.97756
1530819432772	322	DecisionBody	POSITION	-5.794464	0.3000031	-18.26544
1530819432807	323	DecisionBody	POSITION	-5.785889	0.3000031	-18.36368
1530819432840	324	DecisionBody	POSITION	-5.781311	0.3000031	-18.56131
1530819432872	325	DecisionBody	POSITION	-5.793823	0.3000031	-18.75905
1530819432924	326	DecisionBody	POSITION	-5.823364	0.3000031	-18.95535
1530819432956	327	DecisionBody	POSITION	-5.862488	0.3000031	-19.15236
1530819432987	328	DecisionBody	POSITION	-5.882568	0.3000031	-19.25183
1530819433024	329	DecisionBody	POSITION	-5.925751	0.3000031	-19.45199
1530819433088	330	DecisionBody	POSITION	-5.991211	0.3000031	-19.75599
1530819433124	331	DecisionBody	POSITION	-6.02832	0.3000031	-19.9614
1530819433156	332	DecisionBody	POSITION	-6.06662	0.3000031	-20.16774
1530819433187	333	DecisionBody	POSITION	-6.09201	0.3000031	-20.2682
1530819433240	334	DecisionBody	POSITION	-6.202698	0.3000031	-20.54913
1530819433271	335	DecisionBody	POSITION	-6.299469	0.3000031	-20.72309
1530819433303	336	DecisionBody	POSITION	-6.353424	0.3000031	-20.80688
1530819433340	337	DecisionBody	POSITION	-6.47113	0.3000031	-20.9684
1530819433387	338	DecisionBody	POSITION	-6.59552	0.3000031	-21.12796
1530819433423	339	DecisionBody	POSITION	-6.729553	0.3000031	-21.28076
1530819433455	340	DecisionBody	POSITION	-6.846405	0.3000031	-21.44092
1530819433487	341	DecisionBody	POSITION	-6.89624	0.3000031	-21.51432
1530819433524	342	DecisionBody	POSITION	-6.981415	0.3000031	-21.63983
1530819433587	343	DecisionBody	POSITION	-7.079834	0.3000031	-21.78483
1530819433624	344	DecisionBody	POSITION	-7.130127	0.3000031	-21.85894
1530819433656	345	DecisionBody	POSITION	-7.170898	0.3000031	-21.91897
1530819433687	346	DecisionBody	POSITION	-7.188263	0.3000031	-21.94456
1530819433740	347	DecisionBody	POSITION	-7.230621	0.3000031	-22.00698
1530819433771	348	DecisionBody	POSITION	-7.252289	0.3000031	-22.03888
1530819434187	359	DecisionBody	POSITION	-7.241486	0.3000031	-22.03888
1530819434240	360	DecisionBody	POSITION	-7.215118	0.3000031	-22.03888
1530819434671	372	DecisionBody	POSITION	-7.183807	0.3000031	-22.03888
1530819434707	373	DecisionBody	POSITION	-7.165344	0.3000031	-22.03888
1530819434756	374	DecisionBody	POSITION	-7.1203	0.3000031	-22.03888
1530819434787	375	DecisionBody	POSITION	-7.108185	0.3000031	-22.03888
1530819434824	376	DecisionBody	POSITION	-7.087463	0.3000031	-22.03888
1530819434855	377	DecisionBody	POSITION	-7.070679	0.3000031	-22.03888
1530819434887	378	DecisionBody	POSITION	-7.063538	0.3000031	-22.03888
1530819434940	379	DecisionBody	POSITION	-7.046082	0.3000031	-22.03888
1530819434971	380	DecisionBody	POSITION	-7.03717	0.3000031	-22.03888
1530819435008	381	DecisionBody	POSITION	-7.033356	0.3000031	-22.03888
1530819435039	382	DecisionBody	POSITION	-7.026855	0.3000031	-22.03888
1530819435092	383	DecisionBody	POSITION	-7.019348	0.3000031	-22.03888
1530819435123	384	DecisionBody	POSITION	-7.017334	0.3000031	-22.03888
1530819435155	385	DecisionBody	POSITION	-7.013855	0.3000031	-22.03888
1530819435187	386	DecisionBody	POSITION	-7.01239	0.3000031	-22.03888
1530819435223	387	DecisionBody	POSITION	-7.009888	0.3000031	-22.03888
1530819435271	388	DecisionBody	POSITION	-7.006958	0.3000031	-22.03888
1530819435307	389	DecisionBody	POSITION	-7.006165	0.3000031	-22.03888
1530819435339	390	DecisionBody	POSITION	-7.004852	0.3000031	-22.03888
1530819435371	391	DecisionBody	POSITION	-7.003754	0.3000031	-22.03888
1530819435407	392	DecisionBody	POSITION	-7.003296	0.3000031	-22.03888
1530819435455	393	DecisionBody	POSITION	-7.002167	0.3000031	-22.03888
1530819435486	394	DecisionBody	POSITION	-7.001862	0.3000031	-22.03888
1530819435524	395	DecisionBody	POSITION	-7.001343	0.3000031	-22.03888
1530819435555	396	DecisionBody	POSITION	-7.000916	0.3000031	-22.03888
1530819435587	397	DecisionBody	POSITION	-7.000732	0.3000031	-22.03888
1530819435640	398	DecisionBody	POSITION	-7.000305	0.3000031	-22.03888
1530819435671	399	DecisionBody	POSITION	-7.000092	0.3000031	-22.03888
1530819435808	402	DecisionBody	POSITION	-7.051727	0.3000031	-22.07056
1530819435839	403	DecisionBody	POSITION	-7.094391	0.3000031	-22.09674
1530819435871	404	DecisionBody	POSITION	-7.128937	0.3000031	-22.11794
1530819435907	405	DecisionBody	POSITION	-7.15448	0.3000031	-22.12697
1530819435972	406	DecisionBody	POSITION	-7.331238	0.3000031	-22.15494
1530819436003	407	DecisionBody	POSITION	-7.390533	0.3000031	-22.16028
1530819436040	408	DecisionBody	POSITION	-7.523254	0.3000031	-22.1694
1530819436071	409	DecisionBody	POSITION	-7.640472	0.3000031	-22.1768
1530819436124	410	DecisionBody	POSITION	-7.735443	0.3000031	-22.18279
1530819436155	411	DecisionBody	POSITION	-7.812347	0.3000031	-22.18763
1530819436187	412	DecisionBody	POSITION	-7.845154	0.3000031	-22.1897
1530819436224	413	DecisionBody	POSITION	-7.901215	0.3000031	-22.19324
1530819436272	414	DecisionBody	POSITION	-7.966003	0.3000031	-22.19732
1530819458451	445	DecisionBody	POSITION	-7.997314	0.3000031	-22.19737
1530819458520	446	DecisionBody	POSITION	-8.015778	0.3000031	-22.1974
1530819459190	466	DecisionBody	POSITION	-8.047089	0.3000031	-22.19874
1530819459222	467	DecisionBody	POSITION	-8.113434	0.3000031	-22.20104
1530819459254	468	DecisionBody	POSITION	-8.146851	0.3000031	-22.20216
1530819459290	469	DecisionBody	POSITION	-8.235291	0.3000031	-22.20498
1530819459322	470	DecisionBody	POSITION	-8.347961	0.3000031	-22.20756
1530819459354	471	DecisionBody	POSITION	-8.411896	0.3000031	-22.20865
1530819459391	472	DecisionBody	POSITION	-8.552551	0.3000031	-22.21057
1530819459422	473	DecisionBody	POSITION	-8.70755	0.3000031	-22.21218
1530819459454	474	DecisionBody	POSITION	-8.789551	0.3000031	-22.21292
1530819459490	475	DecisionBody	POSITION	-8.96106	0.3000031	-22.21437
1530819459522	476	DecisionBody	POSITION	-9.141022	0.3000031	-22.21573
1530819459558	477	DecisionBody	POSITION	-9.32782	0.3000031	-22.2173
1530819459590	478	DecisionBody	POSITION	-9.423401	0.3000031	-22.21817
1530819459622	479	DecisionBody	POSITION	-9.618103	0.3000031	-22.22007
1530819459654	480	DecisionBody	POSITION	-9.717041	0.3000031	-22.22103
1530819459691	481	DecisionBody	POSITION	-9.917511	0.3000031	-22.22268
1530819459723	482	DecisionBody	POSITION	-10.08963	0.3000031	-22.22401
1530819459758	483	DecisionBody	POSITION	-10.22903	0.3000031	-22.22509
1530819459790	484	DecisionBody	POSITION	-10.28848	0.3000031	-22.22555
1530819459822	485	DecisionBody	POSITION	-10.39011	0.3000031	-22.22633
1530819459858	486	DecisionBody	POSITION	-10.47241	0.3000031	-22.22697
1530819459890	487	DecisionBody	POSITION	-10.50751	0.3000031	-22.22724
1530819459922	488	DecisionBody	POSITION	-10.56754	0.3000031	-22.22771
1530819459958	489	DecisionBody	POSITION	-10.61615	0.3000031	-22.22808
1530819459990	490	DecisionBody	POSITION	-10.63687	0.3000031	-22.22824
1530819460022	491	DecisionBody	POSITION	-10.64096	0.3000031	-22.22852
1530819460059	492	DecisionBody	POSITION	-10.63458	0.3000031	-22.22874
1530819460090	493	DecisionBody	POSITION	-10.63187	0.3000031	-22.22883
1530819460122	494	DecisionBody	POSITION	-10.6272	0.3000031	-22.22899
1530819460154	495	DecisionBody	POSITION	-10.62521	0.3000031	-22.22906
1530819460190	496	DecisionBody	POSITION	-10.62183	0.3000031	-22.22918
1530819460222	497	DecisionBody	POSITION	-10.58777	0.3000031	-22.22928
1530819460254	498	DecisionBody	POSITION	-10.55731	0.3000031	-22.22936
1530819460290	499	DecisionBody	POSITION	-10.47394	0.3000031	-22.22949
1530819460322	500	DecisionBody	POSITION	-10.36539	0.3000031	-22.22961
1530819460354	501	DecisionBody	POSITION	-10.31396	0.3000031	-22.22966
1530819460390	502	DecisionBody	POSITION	-10.22607	0.3000031	-22.22974
1530819460422	503	DecisionBody	POSITION	-10.15488	0.3000031	-22.22981
1530819460459	504	DecisionBody	POSITION	-10.09723	0.3000031	-22.22987
1530819460490	505	DecisionBody	POSITION	-10.07263	0.3000031	-22.22989
1530819460522	506	DecisionBody	POSITION	-10.03058	0.3000031	-22.22993
1530819460554	507	DecisionBody	POSITION	-10.01266	0.3000031	-22.22995
1530819460590	508	DecisionBody	POSITION	-9.982025	0.3000031	-22.22997
1530819460622	509	DecisionBody	POSITION	-9.957184	0.3000031	-22.23
1530819460658	510	DecisionBody	POSITION	-9.937103	0.3000031	-22.23002
1530819460690	511	DecisionBody	POSITION	-9.939301	0.3000031	-22.23027
1530819460722	512	DecisionBody	POSITION	-9.974426	0.3000031	-22.23192
1530819460754	513	DecisionBody	POSITION	-10.00528	0.3000031	-22.23288
1530819460790	514	DecisionBody	POSITION	-10.08942	0.3000031	-22.23451
1530819460822	515	DecisionBody	POSITION	-10.16727	0.3000031	-22.23584
1530819460854	516	DecisionBody	POSITION	-10.20047	0.3000031	-22.2364
1530819460891	517	DecisionBody	POSITION	-10.2572	0.3000031	-22.23737
1530819460922	518	DecisionBody	POSITION	-10.30319	0.3000031	-22.23815
1530819460954	519	DecisionBody	POSITION	-10.32278	0.3000031	-22.23849
1530819460990	520	DecisionBody	POSITION	-10.35629	0.3000031	-22.23906
1530819461022	521	DecisionBody	POSITION	-10.38345	0.3000031	-22.23952
1530819461054	522	DecisionBody	POSITION	-10.39502	0.3000031	-22.23972
1530819461090	523	DecisionBody	POSITION	-10.41479	0.3000031	-22.24005
1530819461122	524	DecisionBody	POSITION	-10.43085	0.3000031	-22.24033
1530819461154	525	DecisionBody	POSITION	-10.43768	0.3000031	-22.24044
1530819461190	526	DecisionBody	POSITION	-10.44937	0.3000031	-22.24064
1530819461222	527	DecisionBody	POSITION	-10.45883	0.3000031	-22.2408
1530819461259	528	DecisionBody	POSITION	-10.46649	0.3000031	-22.24093
1530819461290	529	DecisionBody	POSITION	-10.46976	0.3000031	-22.24099
1530819461322	530	DecisionBody	POSITION	-10.47534	0.3000031	-22.24108
1530819461358	531	DecisionBody	POSITION	-10.47989	0.3000031	-22.24116
1530819461390	532	DecisionBody	POSITION	-10.48181	0.3000031	-22.24119
1530819461422	533	DecisionBody	POSITION	-10.48511	0.3000031	-22.24125
1530819461458	534	DecisionBody	POSITION	-10.5181	0.3000031	-22.24918
1530819461490	535	DecisionBody	POSITION	-10.54651	0.3000031	-22.25915
1530819461522	536	DecisionBody	POSITION	-10.62219	0.3000031	-22.29196
1530819461554	537	DecisionBody	POSITION	-10.66745	0.3000031	-22.31508
1530819461590	538	DecisionBody	POSITION	-10.76801	0.3000031	-22.37568
1530819461622	539	DecisionBody	POSITION	-10.87741	0.3000031	-22.45478
1530819461654	540	DecisionBody	POSITION	-10.93655	0.3000031	-22.46167
1530819461690	541	DecisionBody	POSITION	-11.06555	0.3000031	-22.46332
1530819461722	542	DecisionBody	POSITION	-11.2063	0.3000031	-22.46339
1530819461753	543	DecisionBody	POSITION	-11.28018	0.3000031	-22.46339
1530819461790	544	DecisionBody	POSITION	-11.43317	0.3000031	-22.46339
1530819461822	545	DecisionBody	POSITION	-11.58881	0.3000031	-22.46339
1530819461854	546	DecisionBody	POSITION	-11.66315	0.3000031	-22.46339
1530819461891	547	DecisionBody	POSITION	-11.79053	0.3000031	-22.46339
1530819461922	548	DecisionBody	POSITION	-11.89294	0.3000031	-22.46339
1530819461954	549	DecisionBody	POSITION	-11.93622	0.3000031	-22.46339
1530819461990	550	DecisionBody	POSITION	-12.01102	0.3000031	-22.46339
1530819462022	551	DecisionBody	POSITION	-12.07455	0.3000031	-22.46339
1530819462054	552	DecisionBody	POSITION	-12.10489	0.3000031	-22.46339
1530819462090	553	DecisionBody	POSITION	-12.17587	0.3000031	-22.46339
1530819462122	554	DecisionBody	POSITION	-12.26367	0.3000031	-22.46339
1530819462158	555	DecisionBody	POSITION	-12.36963	0.3000031	-22.46339
1530819462190	556	DecisionBody	POSITION	-12.41925	0.3000031	-22.46339
1530819462222	557	DecisionBody	POSITION	-12.50409	0.3000031	-22.46339
1530819462254	558	DecisionBody	POSITION	-12.54025	0.3000031	-22.46339
1530819462290	559	DecisionBody	POSITION	-12.60208	0.3000031	-22.46339
1530819462322	560	DecisionBody	POSITION	-12.65219	0.3000031	-22.46339
1530819462358	561	DecisionBody	POSITION	-12.69278	0.3000031	-22.46339
1530819462390	562	DecisionBody	POSITION	-12.71008	0.3000031	-22.46339
1530819462422	563	DecisionBody	POSITION	-12.73965	0.3000031	-22.46339
1530819462454	564	DecisionBody	POSITION	-12.75226	0.3000031	-22.46339
1530819462490	565	DecisionBody	POSITION	-12.77383	0.3000031	-22.46339
1530819462522	566	DecisionBody	POSITION	-12.79129	0.3000031	-22.46339
1530819462554	567	DecisionBody	POSITION	-12.79874	0.3000031	-22.46339
1530819462590	568	DecisionBody	POSITION	-12.81146	0.3000031	-22.46339
1530819462622	569	DecisionBody	POSITION	-12.82178	0.3000031	-22.46339
1530819462654	570	DecisionBody	POSITION	-12.8262	0.3000031	-22.46339
1530819462690	571	DecisionBody	POSITION	-12.83371	0.3000031	-22.46339
1530819462722	572	DecisionBody	POSITION	-12.83981	0.3000031	-22.46339
1530819462758	573	DecisionBody	POSITION	-12.84473	0.3000031	-22.46339
1530819462790	574	DecisionBody	POSITION	-12.84683	0.3000031	-22.46339
1530819462822	575	DecisionBody	POSITION	-12.85043	0.3000031	-22.46339
1530819462859	576	DecisionBody	POSITION	-12.85333	0.3000031	-22.46339
1530819462890	577	DecisionBody	POSITION	-12.85458	0.3000031	-22.46339
1530819462922	578	DecisionBody	POSITION	-12.85672	0.3000031	-22.46339
1530819462953	579	DecisionBody	POSITION	-12.8576	0.3000031	-22.46339
1530819463159	585	DecisionBody	POSITION	-12.87137	0.3000031	-22.46339
1530819463190	586	DecisionBody	POSITION	-12.8884	0.3000031	-22.46339
1530819463223	587	DecisionBody	POSITION	-12.94543	0.3000031	-22.46339
1530819463258	588	DecisionBody	POSITION	-13.026	0.3000031	-22.46339
1530819463290	589	DecisionBody	POSITION	-13.07196	0.3000031	-22.46339
1530819463322	590	DecisionBody	POSITION	-13.17456	0.3000031	-22.46339
1530819463353	591	DecisionBody	POSITION	-13.23163	0.3000031	-22.46339
1530819463390	592	DecisionBody	POSITION	-13.35684	0.3000031	-22.46339
1530819463422	593	DecisionBody	POSITION	-13.49463	0.3000031	-22.46339
1530819463453	594	DecisionBody	POSITION	-13.56738	0.3000031	-22.46339
1530819463490	595	DecisionBody	POSITION	-13.71906	0.3000031	-22.46339
1530819463522	596	DecisionBody	POSITION	-13.87787	0.3000031	-22.46339
1530819463554	597	DecisionBody	POSITION	-13.95828	0.3000031	-22.46339
1530819463590	598	DecisionBody	POSITION	-14.07297	0.3000031	-22.46339
1530819463622	599	DecisionBody	POSITION	-14.12759	0.3000031	-22.46339
1530819463654	600	DecisionBody	POSITION	-14.13501	0.3000031	-22.46339
1530819463690	601	DecisionBody	POSITION	-14.11633	0.3000031	-22.46339
1530819463722	602	DecisionBody	POSITION	-14.06015	0.3000031	-22.46339
1530819463754	603	DecisionBody	POSITION	-14.0311	0.3000031	-22.46339
1530819463790	604	DecisionBody	POSITION	-13.95007	0.3000031	-22.46339
1530819463822	605	DecisionBody	POSITION	-13.84341	0.3000031	-22.46339
1530819463858	606	DecisionBody	POSITION	-13.71597	0.3000031	-22.46339
1530819463890	607	DecisionBody	POSITION	-13.64575	0.3000031	-22.46339
1530819463922	608	DecisionBody	POSITION	-13.52563	0.3000031	-22.46339
1530819463958	609	DecisionBody	POSITION	-13.397	0.3000031	-22.46339
1530819463990	610	DecisionBody	POSITION	-13.33707	0.3000031	-22.46339
1530819464022	611	DecisionBody	POSITION	-13.23456	0.3000031	-22.46339
1530819464059	612	DecisionBody	POSITION	-13.15152	0.3000031	-22.46339
1530819464090	613	DecisionBody	POSITION	-13.11612	0.3000031	-22.46339
1530819464122	614	DecisionBody	POSITION	-13.0556	0.3000031	-22.46339
1530819464153	615	DecisionBody	POSITION	-13.02979	0.3000031	-22.46339
1530819464190	616	DecisionBody	POSITION	-12.98566	0.3000031	-22.46339
1530819464222	617	DecisionBody	POSITION	-12.96686	0.3000031	-22.46339
1530819464422	623	DecisionBody	POSITION	-12.93555	0.3000031	-22.46339
1530819464453	624	DecisionBody	POSITION	-12.90628	0.3000031	-22.46339
1530819464490	625	DecisionBody	POSITION	-12.85623	0.3000031	-22.46339
1530819464522	626	DecisionBody	POSITION	-12.81567	0.3000031	-22.46339
1530819464554	627	DecisionBody	POSITION	-12.7984	0.3000031	-22.46339
1530819464590	628	DecisionBody	POSITION	-12.76886	0.3000031	-22.46339
1530819464622	629	DecisionBody	POSITION	-12.7449	0.3000031	-22.46339
1530819464654	630	DecisionBody	POSITION	-12.72391	0.3000031	-22.46339
1530819464690	631	DecisionBody	POSITION	-12.65668	0.3000031	-22.46339
1530819464722	632	DecisionBody	POSITION	-12.56116	0.3000031	-22.46339
1530819464758	633	DecisionBody	POSITION	-12.47409	0.3000031	-22.46339
1530819464790	634	DecisionBody	POSITION	-12.43698	0.3000031	-22.46339
1530819464822	635	DecisionBody	POSITION	-12.3735	0.3000031	-22.46339
1530819464858	636	DecisionBody	POSITION	-12.32208	0.3000031	-22.46339
1530819464890	637	DecisionBody	POSITION	-12.30014	0.3000031	-22.46339
1530819464922	638	DecisionBody	POSITION	-12.28043	0.3000031	-22.46339
1530819465190	646	DecisionBody	POSITION	-12.26971	0.3000031	-22.46339
1530819465222	647	DecisionBody	POSITION	-12.22009	0.3000031	-22.46339
1530819465253	648	DecisionBody	POSITION	-12.18304	0.3000031	-22.46339
1530819465290	649	DecisionBody	POSITION	-12.08838	0.3000031	-22.46339
1530819465322	650	DecisionBody	POSITION	-11.97064	0.3000031	-22.46339
1530819465358	651	DecisionBody	POSITION	-11.86557	0.3000031	-22.46339
1530819465390	652	DecisionBody	POSITION	-11.82077	0.3000031	-22.46339
1530819465422	653	DecisionBody	POSITION	-11.74414	0.3000031	-22.46339
1530819465458	654	DecisionBody	POSITION	-11.6821	0.3000031	-22.46339
1530819465490	655	DecisionBody	POSITION	-11.65564	0.3000031	-22.46339
1530819465530	656	DecisionBody	POSITION	-11.61041	0.3000031	-22.46339
1530819465558	657	DecisionBody	POSITION	-11.59113	0.3000031	-22.46339
