1531237502391	0	DecisionBody	POSITION	-42.33413	0.4752535	71.2309
1531237502392	0	DecisionBody	ROTATION	0	0	0
1531237502393	0	DecisionBody	SCALE	1	1	1
1531237502393	0	SESS_START	1	ShopliftCog v0.1
1531237502394	0	MIC_TEST
1531237503589	39	Joystick1	0.03784204
1531237503589	39	DecisionBody	POSITION	-42.33413	0.7430508	71.21258
1531237503619	40	Joystick1	0.10146
1531237503619	40	DecisionBody	POSITION	-42.33413	0.807322	71.11861
1531237503635	41	Joystick1	0.1347699
1531237503652	42	Joystick1	0.1680861
1531237503653	42	DecisionBody	POSITION	-42.33413	0.8094646	71.04672
1531237503669	43	Joystick1	0.2014041
1531237503669	43	DecisionBody	POSITION	-42.33413	0.8098931	70.96043
1531237503687	44	Joystick1	0.2378759
1531237503687	44	DecisionBody	POSITION	-42.33413	0.8099787	70.86116
1531237503719	45	Joystick1	0.3013
1531237503719	45	DecisionBody	POSITION	-42.33413	0.8099993	70.62878
1531237503735	46	Joystick1	0.33462
1531237503752	47	Joystick1	0.3677981
1531237503752	47	DecisionBody	POSITION	-42.33413	0.8099999	70.49788
1531237503769	48	Joystick1	0.400924
1531237503769	48	DecisionBody	POSITION	-42.33413	0.81	70.35847
1531237503787	49	Joystick1	0.4377401
1531237503787	49	DecisionBody	POSITION	-42.33413	0.8100001	70.2114
1531237503819	50	Joystick1	0.5011339
1531237503819	50	DecisionBody	POSITION	-42.33413	0.8505926	69.90998
1531237503835	51	Joystick1	0.534426
1531237503852	52	Joystick1	0.5677199
1531237503852	52	DecisionBody	POSITION	-42.33413	0.8584187	69.75083
1531237503869	53	Joystick1	0.60093
1531237503869	53	DecisionBody	POSITION	-42.33413	0.7876775	69.63458
1531237503887	54	Joystick1	0.637876
1531237503887	54	DecisionBody	POSITION	-42.33413	0.7130122	69.51833
1531237503919	55	Joystick1	0.7014561
1531237503919	55	DecisionBody	POSITION	-42.33413	0.5519098	69.28584
1531237503935	56	Joystick1	0.7348301
1531237503952	57	Joystick1	0.7680321
1531237503952	57	DecisionBody	POSITION	-42.33413	0.4654726	69.16959
1531237503969	58	Joystick1	0.8009419
1531237503969	58	DecisionBody	POSITION	-42.33413	0.3751113	69.05334
1531237503987	59	Joystick1	0.8380439
1531237503987	59	DecisionBody	POSITION	-42.33413	0.2808262	68.93709
1531237504019	60	Joystick1	0.7426077
1531237504020	60	DecisionBody	POSITION	-42.33413	0.08048379	68.70459
1531237504035	61	Joystick1	0.6926156
1531237504052	62	Joystick1	0.6425459
1531237504053	62	DecisionBody	POSITION	-42.33413	-0.02557349	68.58834
1531237504069	63	Joystick1	0.5924877
1531237504069	63	DecisionBody	POSITION	-42.33413	-0.1355547	68.47209
1531237504086	64	Joystick1	0.5431197
1531237504086	64	DecisionBody	POSITION	-42.33413	-0.2494599	68.35584
1531237504103	65	Joystick1	0.4907129
1531237504103	65	DecisionBody	POSITION	-42.33413	-0.3672892	68.23959
1531237504135	66	Joystick1	0.3952438
1531237504135	66	DecisionBody	POSITION	-42.33413	-0.4890422	68.12334
1531237504152	67	Joystick1	0.3452009
1531237504152	67	DecisionBody	POSITION	-42.33413	-0.6147195	68.0071
1531237504168	68	Joystick1	0.2953619
1531237504168	68	DecisionBody	POSITION	-42.33413	-0.7443205	67.89085
1531237504187	69	Joystick1	0.2388209
1531237504187	69	DecisionBody	POSITION	-42.33413	-0.8778459	67.7746
1531237504219	70	Joystick1	0.1428479
1531237504219	70	DecisionBody	POSITION	-42.33413	-1.156668	67.5421
1531237504235	71	Joystick1	0.09276891
1531237504252	72	Joystick1	0.04302859
1531237504252	72	DecisionBody	POSITION	-42.33413	-1.301965	67.42585
1531237504269	73	DecisionBody	POSITION	-42.33413	-1.451187	67.3096
1531237504286	74	DecisionBody	POSITION	-42.33413	-1.604332	67.19335
1531237504303	75	DecisionBody	POSITION	-42.33413	-1.761401	67.0771
1531237504320	76	DecisionBody	POSITION	-42.33413	-1.922394	66.96085
1531237504353	78	DecisionBody	POSITION	-42.33413	-2.087311	66.8446
1531237504369	79	DecisionBody	POSITION	-42.33413	-2.256152	66.72836
1531237504387	80	DecisionBody	POSITION	-42.33413	-2.428917	66.61211
1531237504419	81	DecisionBody	POSITION	-42.33413	-2.78622	66.37961
1531237504452	83	DecisionBody	POSITION	-42.33413	-2.970757	66.26336
1531237504469	84	DecisionBody	POSITION	-42.33413	-3.159218	66.14711
1531237504485	85	DecisionBody	POSITION	-42.33413	-3.351604	66.03086
1531237504503	86	DecisionBody	POSITION	-42.33413	-3.547913	65.91461
1531237504520	87	DecisionBody	POSITION	-42.33413	-3.748146	65.79836
1531237504553	89	DecisionBody	POSITION	-42.33413	-3.952303	65.68211
1531237504570	90	DecisionBody	POSITION	-42.33413	-4.160385	65.56586
1531237504586	91	DecisionBody	POSITION	-42.33413	-4.37239	65.44962
