1530891494100	0	InfoGroup	CANVAS_GROUP_ALPHA	0
1530891494101	0	P1CamZone_2	POSITION	-17.12704	-0.5099945	-11
1530891494102	0	P1CamZone_2	ROTATION	0	0	0
1530891494102	0	P1CamZone_2	SCALE	-4.254174	0.6542862	-4.254172
1530891494103	0	SESS_START	1	ShopliftCog v0.1
1530891494104	0	MIC_TEST
1530891494104	0	P2CamZone	POSITION	29.34085	-0.5099945	-11
1530891494104	0	P2CamZone	ROTATION	0	0	0
1530891494104	0	P2CamZone	SCALE	-4.25417	0.65429	-4.25417
1530891494104	0	P1CamZone	POSITION	-21.58896	-0.5099945	-11
1530891494104	0	P1CamZone	ROTATION	0	0	0
1530891494104	0	P1CamZone	SCALE	-4.254174	0.6542862	-4.254172
1530891494104	0	DecisionBody	POSITION	57.06	0.9043427	-11
1530891494104	0	DecisionBody	ROTATION	0	90	0
1530891494104	0	DecisionBody	SCALE	1	1	1
1530891494104	0	InstructionScreen	CANVAS_GROUP_ALPHA	1
1530891494104	0	P2CamZone_2	POSITION	49.00363	-0.5099945	-11
1530891494104	0	P2CamZone_2	ROTATION	0	0	0
1530891494104	0	P2CamZone_2	SCALE	-4.25417	0.65429	-4.25417
1530891494104	0	IntertrialScreen	CANVAS_GROUP_ALPHA	0
1530891494150	1	DecisionBody	POSITION	57.06	0.8807983	-11
1530891494242	2	DecisionBody	POSITION	57.06	0.7630768	-11
1530891494338	3	DecisionBody	POSITION	57.06	0.5472565	-11
1530891494364	4	DecisionBody	POSITION	57.06	0.4334564	-11
1530891494385	5	DecisionBody	POSITION	57.06	0.3706818	-11
1530891494417	6	DecisionBody	POSITION	57.06	0.3106384	-11
1530891494449	7	DecisionBody	POSITION	57.06	0.302124	-11
1530891494602	12	InstructionScreen	CANVAS_GROUP_ALPHA	0
1530891494633	13	STAGE_1	STARTED
1530891494637	13	PHASE_1_MOVE	STARTED
1530891494641	13	PlantAudio	AUDIO_PLAYING	PlantAudio	Eastern Thought	IS_LOOPING	True	67.57162	2.339996	-10.96818
1530891494642	13	DecisionBody	POSITION	-49.80408	0.9315338	-11
1530891494694	14	DecisionBody	POSITION	-49.42102	0.9315338	-11
1530891494811	15	DecisionBody	POSITION	-48.69394	0.9315338	-11
1530891494895	16	DecisionBody	POSITION	-48.16235	0.9315338	-11
1530891494933	17	DecisionBody	POSITION	-47.91229	0.9315338	-11
1530891495002	18	DecisionBody	POSITION	-47.47989	0.9315338	-11
1530891495050	19	DecisionBody	POSITION	-47.18039	0.9315338	-11
1530891495086	20	DecisionBody	POSITION	-46.95166	0.9315338	-11
1530891495133	21	DecisionBody	POSITION	-46.65018	0.9315338	-11
1530891495182	22	DecisionBody	POSITION	-46.34787	0.9315338	-11
1530891495218	23	DecisionBody	POSITION	-46.11914	0.9315338	-11
1530891495249	24	DecisionBody	POSITION	-45.91953	0.9315338	-11
1530891495286	25	DecisionBody	POSITION	-45.69067	0.9315338	-11
1530891495317	26	DecisionBody	POSITION	-45.48926	0.9315338	-11
1530891495354	27	DecisionBody	POSITION	-45.26126	0.9315338	-11
1530891495414	28	DecisionBody	POSITION	-44.88376	0.9315338	-11
1530891495449	29	DecisionBody	POSITION	-44.65814	0.9315338	-11
1530891495485	30	DecisionBody	POSITION	-44.42953	0.9315338	-11
1530891495518	31	DecisionBody	POSITION	-44.22733	0.9315338	-11
1530891495550	32	DecisionBody	POSITION	-44.02664	0.9315338	-11
1530891495581	33	DecisionBody	POSITION	-43.82449	0.9315338	-11
1530891495634	34	DecisionBody	POSITION	-43.49554	0.9315338	-11
1530891495665	35	DecisionBody	POSITION	-43.29544	0.9315338	-11
1530891495701	36	DecisionBody	POSITION	-43.06613	0.9315338	-11
1530891495733	37	DecisionBody	POSITION	-42.86603	0.9315338	-11
1530891495765	38	DecisionBody	POSITION	-42.66638	0.9315338	-11
1530891495801	39	DecisionBody	POSITION	-42.43701	0.9315338	-11
1530891495845	40	DecisionBody	POSITION	-42.16183	0.9315338	-11
1530891495886	41	DecisionBody	POSITION	-41.90704	0.9315338	-11
1530891495917	42	DecisionBody	POSITION	-41.70538	0.9315338	-11
1530891495950	43	DecisionBody	POSITION	-41.50549	0.9315338	-11
1530891495985	44	DecisionBody	POSITION	-41.27603	0.9315338	-11
1530891496017	45	DecisionBody	POSITION	-41.07578	0.9315338	-11
1530891496066	46	DecisionBody	POSITION	-40.77045	0.9315338	-11
1530891496101	47	DecisionBody	POSITION	-40.54547	0.9315338	-11
1530891496133	48	DecisionBody	POSITION	-40.34384	0.9315338	-11
1530891496165	49	DecisionBody	POSITION	-40.14297	0.9315338	-11
1530891496201	50	DecisionBody	POSITION	-39.91403	0.9315338	-11
1530891496234	51	DecisionBody	POSITION	-39.71188	0.9315338	-11
1530891496281	52	DecisionBody	POSITION	-39.41162	0.9315338	-11
1530891496317	53	DecisionBody	POSITION	-39.18396	0.9315338	-11
1530891496349	54	DecisionBody	POSITION	-38.98322	0.9315338	-11
1530891496381	55	DecisionBody	POSITION	-38.78128	0.9315338	-11
1530891496418	56	DecisionBody	POSITION	-38.55109	0.9315338	-11
1530891496449	57	DecisionBody	POSITION	-38.35287	0.9315338	-11
1530891496497	58	DecisionBody	POSITION	-38.04834	0.9315338	-11
1530891496533	59	DecisionBody	POSITION	-37.82324	0.9315338	-11
1530891496570	60	DecisionBody	POSITION	-37.59006	0.9315338	-11
1530891496601	61	DecisionBody	POSITION	-37.39359	0.9315338	-11
1530891496633	62	DecisionBody	POSITION	-37.19083	0.9315338	-11
1530891496670	63	DecisionBody	POSITION	-36.96222	0.9315338	-11
1530891496717	64	DecisionBody	POSITION	-36.66272	0.9315338	-11
1530891496749	65	DecisionBody	POSITION	-36.45911	0.9315338	-11
1530891496781	66	DecisionBody	POSITION	-36.25928	0.9315338	-11
1530891496817	67	DecisionBody	POSITION	-36.03024	0.9315338	-11
1530891496849	68	DecisionBody	POSITION	-35.83121	0.9315338	-11
1530891496886	69	DecisionBody	POSITION	-35.59933	0.9315338	-11
1530891496929	70	DecisionBody	POSITION	-35.32471	0.9315338	-11
1530891496965	71	DecisionBody	POSITION	-35.10004	0.9315338	-11
1530891497001	72	DecisionBody	POSITION	-34.8696	0.9315338	-11
1530891497033	73	DecisionBody	POSITION	-34.66974	0.9315338	-11
1530891497065	74	DecisionBody	POSITION	-34.46692	0.9315338	-11
1530891497101	75	DecisionBody	POSITION	-34.23761	0.9315338	-11
1530891497149	76	DecisionBody	POSITION	-33.93616	0.9315338	-11
1530891497185	77	DecisionBody	POSITION	-33.70972	0.9315338	-11
1530891497217	78	DecisionBody	POSITION	-33.50803	0.9315338	-11
1530891497249	79	DecisionBody	POSITION	-33.30765	0.9315338	-11
1530891497286	80	DecisionBody	POSITION	-33.07712	0.9315338	-11
1530891497317	81	DecisionBody	POSITION	-32.87781	0.9315338	-11
1530891497366	82	DecisionBody	POSITION	-32.5755	0.9315338	-11
1530891497401	83	DecisionBody	POSITION	-32.349	0.9315338	-11
1530891497434	84	DecisionBody	POSITION	-32.14703	0.9315338	-11
1530891497466	85	DecisionBody	POSITION	-31.94489	0.9315338	-11
1530891497501	86	DecisionBody	POSITION	-31.71631	0.9315338	-11
1530891497533	87	DecisionBody	POSITION	-31.51706	0.9315338	-11
1530891497582	88	DecisionBody	POSITION	-31.21198	0.9315338	-11
1530891497618	89	DecisionBody	POSITION	-30.98563	0.9315338	-11
1530891497650	90	DecisionBody	POSITION	-30.7847	0.9315338	-11
1530891497685	91	DecisionBody	POSITION	-30.55792	0.9315338	-11
1530891497717	92	DecisionBody	POSITION	-30.35388	0.9315338	-11
1530891497749	93	DecisionBody	POSITION	-30.15594	0.9315338	-11
1530891497798	94	DecisionBody	POSITION	-29.85104	0.9315338	-11
1530891497834	95	DecisionBody	POSITION	-29.62402	0.9315338	-11
1530891497865	96	DecisionBody	POSITION	-29.42349	0.9315338	-11
1530891497901	97	DecisionBody	POSITION	-29.19519	0.9315338	-11
1530891497933	98	DecisionBody	POSITION	-28.99521	0.9315338	-11
1530891497970	99	DecisionBody	POSITION	-28.76425	0.9315338	-11
1530891498018	100	DecisionBody	POSITION	-28.46344	0.9315338	-11
1530891498054	101	DecisionBody	POSITION	-28.23483	0.9315338	-11
1530891498085	102	DecisionBody	POSITION	-28.0343	0.9315338	-11
1530891498117	103	DecisionBody	POSITION	-27.83453	0.9315338	-11
1530891498150	104	DecisionBody	POSITION	-27.6308	0.9315338	-11
1530891498186	105	DecisionBody	POSITION	-27.40457	0.9315338	-11
1530891498234	106	DecisionBody	POSITION	-27.09875	0.9315338	-11
1530891498265	107	DecisionBody	POSITION	-26.90176	0.9315338	-11
1530891498301	108	DecisionBody	POSITION	-26.67163	0.9315338	-11
1530891498333	109	DecisionBody	POSITION	-26.47229	0.9315338	-11
1530891498370	110	DecisionBody	POSITION	-26.24164	0.9315338	-11
1530891498401	111	DecisionBody	POSITION	-26.04166	0.9315338	-11
1530891498450	112	DecisionBody	POSITION	-25.73746	0.9315338	-11
1530891498486	113	DecisionBody	POSITION	-25.51053	0.9315338	-11
1530891498517	114	DecisionBody	POSITION	-25.31091	0.9315338	-11
1530891498550	115	DecisionBody	POSITION	-25.10873	0.9315338	-11
1530891498585	116	DecisionBody	POSITION	-24.88287	0.9315338	-11
1530891498617	117	DecisionBody	POSITION	-24.68073	0.9315338	-11
1530891498666	118	DecisionBody	POSITION	-24.37692	0.9315338	-11
1530891498701	119	DecisionBody	POSITION	-24.15121	0.9315338	-11
1530891498734	120	DecisionBody	POSITION	-23.94995	0.9315338	-11
1530891498765	121	DecisionBody	POSITION	-23.74908	0.9315338	-11
1530891498801	122	DecisionBody	POSITION	-23.51907	0.9315338	-11
1530891498834	123	DecisionBody	POSITION	-23.3168	0.9315338	-11
1530891498881	124	DecisionBody	POSITION	-23.01675	0.9315338	-11
1530891498917	125	DecisionBody	POSITION	-22.78946	0.9315338	-11
1530891498954	126	DecisionBody	POSITION	-22.55994	0.9315338	-11
1530891498986	127	DecisionBody	POSITION	-22.35742	0.9315338	-11
1530891499017	128	DecisionBody	POSITION	-22.1593	0.9315338	-11
1530891499049	129	DecisionBody	POSITION	-21.95718	0.9315338	-11
1530891499097	130	DecisionBody	POSITION	-21.65424	0.9315338	-11
1530891499133	131	DecisionBody	POSITION	-21.42844	0.9315338	-11
1530891499171	132	DecisionBody	POSITION	-21.19614	0.9315338	-11
1530891499201	133	DecisionBody	POSITION	-20.99701	0.9315338	-11
1530891499233	134	DecisionBody	POSITION	-20.79584	0.9315338	-11
1530891499265	135	DecisionBody	POSITION	-20.59589	0.9315338	-11
1530891499318	136	DecisionBody	POSITION	-20.26459	0.9315338	-11
1530891499349	137	DecisionBody	POSITION	-20.06448	0.9315338	-11
1530891499386	138	DecisionBody	POSITION	-19.83569	0.9315338	-11
1530891499417	139	DecisionBody	POSITION	-19.63544	0.9315338	-11
1530891499449	140	DecisionBody	POSITION	-19.43573	0.9315338	-11
1530891499485	141	DecisionBody	POSITION	-19.20648	0.9315338	-11
1530891499529	142	DecisionBody	POSITION	-18.92856	0.9315338	-11
1530891499569	143	DecisionBody	POSITION	-18.67654	0.9315338	-11
1530891499601	144	DecisionBody	POSITION	-18.47525	0.9315338	-11
1530891499641	145	DecisionBody	POSITION	-18.46939	0.9315338	-11
1530891499665	146	DecisionBody	POSITION	-19.70273	0.8609009	-11
1530891499702	147	PHASE_1_MOVE	ENDED
1530891499702	147	DECISION_EVENT	True
1530891499704	147	DecisionBody	POSITION	-19.74387	0.8569794	-11
1530891499749	148	DecisionBody	POSITION	-19.75406	0.8216553	-11
1530891499785	149	DecisionBody	POSITION	-19.75412	0.7784882	-11
1530891499817	150	DecisionBody	POSITION	-19.75412	0.7510223	-11
1530891499849	151	DecisionBody	POSITION	-19.75412	0.6843109	-11
1530891499886	152	DecisionBody	POSITION	-19.75412	0.6018982	-11
1530891499917	153	DecisionBody	POSITION	-19.75412	0.5548096	-11
1530891499966	154	DecisionBody	POSITION	-19.75412	0.3899994	-11
1530891500001	155	DecisionBody	POSITION	-19.75412	0.3334961	-11
1530891500033	156	DecisionBody	POSITION	-19.75412	0.2958221	-11
1530891501000	184	Joystick0	0.108156
1530891501032	185	Joystick0	0.2029109
1530891501064	186	Joystick0	0.299931
1530891501113	187	Joystick0	0.4452002
1530891501149	188	Joystick0	0.3354692
1530891501180	189	Joystick0	0.2431172
1530891501216	190	Joystick0	0.1339055
1530891501252	191	Joystick0	0.0256083
1530891501678	205	DecisionBody	POSITION	-19.75412	0.2998352	-11.06264
1530891501701	206	DecisionBody	POSITION	-19.75412	0.2999725	-11.12118
1530891501750	207	DecisionBody	POSITION	-19.75412	0.3000031	-11.38512
1530891501781	208	DecisionBody	POSITION	-19.75412	0.3000031	-11.49781
1530891501817	209	DecisionBody	POSITION	-19.75412	0.3000031	-11.75315
1530891501849	210	DecisionBody	POSITION	-19.75412	0.3000031	-11.97941
1530891501886	211	DecisionBody	POSITION	-19.75412	0.3000031	-12.16268
1530891501917	212	DecisionBody	POSITION	-19.75412	0.3000031	-12.24081
1530891501965	213	DecisionBody	POSITION	-19.75412	0.3000031	-12.55255
1530891502001	214	DecisionBody	POSITION	-19.75412	0.3000031	-12.6781
1530891502034	215	DecisionBody	POSITION	-19.75412	0.3000031	-12.95542
1530891502066	216	DecisionBody	POSITION	-19.75412	0.3000031	-13.26213
1530891502101	217	DecisionBody	POSITION	-19.75412	0.3000031	-13.42472
1530891502133	218	DecisionBody	POSITION	-19.75412	0.3000031	-13.70274
1530891502186	219	DecisionBody	POSITION	-19.75412	0.3000031	-14.02394
1530891502217	220	DecisionBody	POSITION	-19.75412	0.3000031	-14.11035
1530891502249	221	DecisionBody	POSITION	-19.75412	0.3000031	-14.19546
1530891502285	222	DecisionBody	POSITION	-19.75412	0.3000031	-14.18233
1530891502433	226	DecisionBody	POSITION	-19.75412	0.3000031	-14.16396
1530891502470	227	DecisionBody	POSITION	-19.75412	0.3000031	-14.1269
1530891502501	228	DecisionBody	POSITION	-19.75412	0.3000031	-14.10207
1530891502533	229	DecisionBody	POSITION	-19.75412	0.3000031	-14.05963
1530891502569	230	DecisionBody	POSITION	-19.75412	0.3000031	-14.04153
1530891502649	232	DecisionBody	POSITION	-19.75412	0.3000031	-13.97889
1530891502685	233	DecisionBody	POSITION	-19.75412	0.3000031	-13.84607
1530891502717	234	DecisionBody	POSITION	-19.75412	0.3000031	-13.75762
1530891502749	235	DecisionBody	POSITION	-19.75412	0.3000031	-13.54372
1530891502785	236	DecisionBody	POSITION	-19.75412	0.3000031	-13.35102
1530891502834	237	DecisionBody	POSITION	-19.75412	0.3000031	-13.19494
1530891502869	238	DecisionBody	POSITION	-19.75412	0.3000031	-13.06851
1530891502901	239	DecisionBody	POSITION	-19.75412	0.3000031	-13.01461
1530891502933	240	DecisionBody	POSITION	-19.75412	0.3000031	-12.98509
1530891503169	247	DecisionBody	POSITION	-19.75412	0.3000031	-13.04773
1530891503201	248	DecisionBody	POSITION	-19.75412	0.3000031	-13.10626
1530891503233	249	DecisionBody	POSITION	-19.75412	0.3000031	-13.269
1530891503281	250	DecisionBody	POSITION	-19.75412	0.3000031	-13.4829
1530891503317	251	DecisionBody	POSITION	-19.75412	0.3000031	-13.67559
1530891503349	252	DecisionBody	POSITION	-19.75412	0.3000031	-13.89432
1530891503385	253	DecisionBody	POSITION	-19.75412	0.3000031	-14.15356
1530891503416	254	DecisionBody	POSITION	-19.75412	0.3000031	-14.27432
1530891503453	255	DecisionBody	POSITION	-19.75412	0.3000031	-14.4808
1530891503497	256	DecisionBody	POSITION	-19.75412	0.3000031	-14.64806
1530891503533	257	DecisionBody	POSITION	-19.75412	0.3000031	-14.78353
1530891503570	258	DecisionBody	POSITION	-19.75412	0.3000031	-14.89327
1530891503601	259	DecisionBody	POSITION	-19.75412	0.3000031	-14.94005
1530891503633	260	DecisionBody	POSITION	-19.75412	0.3000031	-15.59977
1530891503669	261	DecisionBody	POSITION	-19.75412	0.3000031	-15.75399
1530891503717	262	DecisionBody	POSITION	-19.75412	0.3000031	-15.80647
1530891503753	263	DecisionBody	POSITION	-19.6915	0.3000031	-15.84899
1530891503785	264	DecisionBody	POSITION	-19.55869	0.3000031	-15.88314
1530891503816	265	DecisionBody	POSITION	-19.47021	0.3000031	-15.89784
1530891503849	266	DecisionBody	POSITION	-19.25647	0.3000031	-15.92712
1530891503885	267	DecisionBody	POSITION	-19.00131	0.3000031	-15.95429
1530891503933	268	DecisionBody	POSITION	-18.71259	0.3000031	-15.97814
1530891503969	269	DecisionBody	POSITION	-18.39676	0.3000031	-16.00147
1530891504001	270	DecisionBody	POSITION	-18.23035	0.3000031	-16.01367
1530891504033	271	DecisionBody	POSITION	-17.88318	0.3000031	-16.0352
1530891504070	272	DecisionBody	POSITION	-17.5199	0.3000031	-16.05285
1530891504101	273	DecisionBody	POSITION	-17.3338	0.3000031	-16.05523
1530891504149	274	DecisionBody	POSITION	-16.7619	0.3000031	-16.03366
1530891504185	275	DecisionBody	POSITION	-16.37106	0.3000031	-16.00147
1530891504217	276	DecisionBody	POSITION	-16.1944	0.3000031	-15.9857
1530891504254	277	DecisionBody	POSITION	-15.89233	0.3000031	-15.95873
1530891504285	278	DecisionBody	POSITION	-15.64764	0.3000031	-15.93688
1530891504317	279	DecisionBody	POSITION	-15.54333	0.3000031	-15.92757
1530891504365	280	DecisionBody	POSITION	-15.28891	0.3000031	-15.90486
1530891504401	281	DecisionBody	POSITION	-15.19888	0.3000031	-15.89841
1530891504433	282	DecisionBody	POSITION	-14.9823	0.3000031	-15.88674
1530891504469	283	DecisionBody	POSITION	-14.72476	0.3000031	-15.87767
1530891504501	284	DecisionBody	POSITION	-14.58319	0.3000031	-15.87496
1530891504533	285	DecisionBody	POSITION	-14.27844	0.3000031	-15.87209
1530891504581	286	DecisionBody	POSITION	-13.94952	0.3000031	-15.87073
1530891504617	287	DecisionBody	POSITION	-13.6011	0.3000031	-15.87231
1530891504653	288	DecisionBody	POSITION	-13.23679	0.3000031	-15.87438
1530891504685	289	DecisionBody	POSITION	-12.92227	0.3000031	-15.87606
1530891504716	290	DecisionBody	POSITION	-12.78818	0.3000031	-15.87677
1530891504749	291	DecisionBody	POSITION	-12.5589	0.3000031	-15.878
1530891504797	292	DecisionBody	POSITION	-12.37317	0.3000031	-15.87899
1530891504833	293	DecisionBody	POSITION	-12.22275	0.3000031	-15.87979
1530891504869	294	DecisionBody	POSITION	-12.10089	0.3000031	-15.88044
1530891504901	295	DecisionBody	POSITION	-12.02734	0.3000031	-15.88039
1530891504933	296	DecisionBody	POSITION	-11.83893	0.3000031	-15.88006
1530891504970	297	DecisionBody	POSITION	-11.60425	0.3000031	-15.88096
1530891505013	298	DecisionBody	POSITION	-11.33212	0.3000031	-15.88367
1530891505049	299	DecisionBody	POSITION	-11.02979	0.3000031	-15.89096
1530891505085	300	DecisionBody	POSITION	-10.70285	0.3000031	-15.8983
1530891505116	301	DecisionBody	POSITION	-10.55325	0.3000031	-15.90143
1530891505149	302	DecisionBody	POSITION	-10.29742	0.3000031	-15.90677
1530891505185	303	DecisionBody	POSITION	-10.09021	0.3000031	-15.9111
1530891505233	304	DecisionBody	POSITION	-9.922363	0.3000031	-15.91461
1530891505269	305	DecisionBody	POSITION	-9.786407	0.3000031	-15.91745
1530891505301	306	DecisionBody	POSITION	-9.728455	0.3000031	-15.91866
1530891505333	307	DecisionBody	POSITION	-9.629333	0.3000031	-15.92074
1530891505369	308	DecisionBody	POSITION	-9.48642	0.3000031	-15.92241
1530891505400	309	DecisionBody	POSITION	-9.393677	0.3000031	-15.92313
1530891505449	310	DecisionBody	POSITION	-9.046234	0.3000031	-15.92432
1530891505485	311	DecisionBody	POSITION	-8.767914	0.3000031	-15.92672
1530891505516	312	DecisionBody	POSITION	-8.617432	0.3000031	-15.92851
1530891505549	313	DecisionBody	POSITION	-8.297455	0.3000031	-15.93156
1530891505585	314	DecisionBody	POSITION	-7.956207	0.3000031	-15.93404
1530891505616	315	DecisionBody	POSITION	-7.778931	0.3000031	-15.93608
1530891505666	316	DecisionBody	POSITION	-7.346497	0.3000031	-15.94105
1530891505701	317	DecisionBody	POSITION	-7.230194	0.3000031	-15.94238
1530891505733	318	DecisionBody	POSITION	-7.031281	0.3000031	-15.94467
1530891505769	319	DecisionBody	POSITION	-6.870178	0.3000031	-15.94652
1530891505800	320	DecisionBody	POSITION	-6.801483	0.3000031	-15.94731
1530891505833	321	DecisionBody	POSITION	-6.684021	0.3000031	-15.94866
1530891505885	322	DecisionBody	POSITION	-6.427155	0.3000031	-15.95022
1530891505917	323	DecisionBody	POSITION	-6.316406	0.3000031	-15.95176
1530891505953	324	DecisionBody	POSITION	-6.064423	0.3000031	-15.9569
1530891505986	325	DecisionBody	POSITION	-5.778259	0.3000031	-15.96183
1530891506016	326	DecisionBody	POSITION	-5.62442	0.3000031	-15.96393
1530891506053	327	DecisionBody	POSITION	-5.361359	0.3000031	-15.96753
1530891506097	328	DecisionBody	POSITION	-5.088409	0.3000031	-15.98881
1530891506133	329	DecisionBody	POSITION	-4.848724	0.3000031	-16.01175
1530891506169	330	DecisionBody	POSITION	-4.654602	0.3000031	-16.03033
1530891506201	331	DecisionBody	POSITION	-4.571838	0.3000031	-16.03825
1530891506233	332	DecisionBody	POSITION	-4.430298	0.3000031	-16.0518
1530891506269	333	DecisionBody	POSITION	-4.315674	0.3000031	-16.06277
1530891506317	334	DecisionBody	POSITION	-4.222809	0.3000031	-16.00902
1530891506349	335	DecisionBody	POSITION	-4.147583	0.3000031	-15.8834
1530891506385	336	DecisionBody	POSITION	-4.08667	0.3000031	-15.69957
1530891506417	337	DecisionBody	POSITION	-4.060699	0.3000031	-15.58936
1530891506453	338	DecisionBody	POSITION	-4.016266	0.3000031	-15.33828
1530891506485	339	DecisionBody	POSITION	-3.980316	0.3000031	-15.05282
1530891506530	340	DecisionBody	POSITION	-3.951172	0.3000031	-14.73952
1530891506569	341	DecisionBody	POSITION	-3.927551	0.3000031	-14.40366
1530891506600	342	DecisionBody	POSITION	-3.917511	0.3000031	-14.25025
1530891506637	343	DecisionBody	POSITION	-3.900299	0.3000031	-13.98792
1530891506669	344	DecisionBody	POSITION	-3.886353	0.3000031	-13.77542
1530891506701	345	DecisionBody	POSITION	-3.880402	0.3000031	-13.66324
1530891506753	346	DecisionBody	POSITION	-3.805481	0.3000031	-13.28458
1530891506785	347	DecisionBody	POSITION	-3.748169	0.3000031	-12.99532
1530891506816	348	DecisionBody	POSITION	-3.723724	0.3000031	-12.84017
1530891506854	349	DecisionBody	POSITION	-3.652039	0.3000031	-12.51984
1530891506885	350	DecisionBody	POSITION	-3.531281	0.3000031	-12.21052
1530891506916	351	DecisionBody	POSITION	-3.449921	0.3000031	-12.06898
1530891506965	352	DecisionBody	POSITION	-3.251495	0.3000031	-11.72376
1530891507001	353	DecisionBody	POSITION	-3.19812	0.3000031	-11.63089
1530891507033	354	DecisionBody	POSITION	-3.106842	0.3000031	-11.47209
1530891507065	355	DecisionBody	POSITION	-3.032898	0.3000031	-11.34346
1530891507101	356	DecisionBody	POSITION	-3.001373	0.3000031	-11.28863
1530891507133	357	DecisionBody	POSITION	-2.889496	0.3000031	-11.17114
1530891507181	358	DecisionBody	POSITION	-2.772552	0.3000031	-11.00654
1530891507217	359	DecisionBody	POSITION	-2.675232	0.3000031	-10.79131
1530891507253	360	DecisionBody	POSITION	-2.580444	0.3000031	-10.53695
1530891507285	361	DecisionBody	POSITION	-2.451996	0.3000031	-10.27042
1530891507316	362	DecisionBody	POSITION	-2.368927	0.3000031	-10.14364
1530891507349	363	DecisionBody	POSITION	-2.226929	0.3000031	-9.926859
1530891507381	364	DecisionBody	POSITION	-2.166382	0.3000031	-9.83444
1530891507416	365	DecisionBody	POSITION	-2.062866	0.3000031	-9.676405
1530891507448	366	DecisionBody	POSITION	-1.979004	0.3000031	-9.548396
1530891507485	367	DecisionBody	POSITION	-1.911072	0.3000031	-9.444709
1530891507517	368	DecisionBody	POSITION	-1.882111	0.3000031	-9.400505
1530891507549	369	DecisionBody	POSITION	-1.832611	0.3000031	-9.324918
1530891507585	370	DecisionBody	POSITION	-1.73111	0.3000031	-9.251143
1530891507633	371	DecisionBody	POSITION	-1.600616	0.3000031	-9.132111
1530891507669	372	DecisionBody	POSITION	-1.473358	0.3000031	-8.957116
1530891507701	373	DecisionBody	POSITION	-1.416626	0.3000031	-8.85089
1530891507733	374	DecisionBody	POSITION	-1.31958	0.3000031	-8.606605
1530891507769	375	DecisionBody	POSITION	-1.227814	0.3000031	-8.328052
1530891507801	376	DecisionBody	POSITION	-1.170807	0.3000031	-8.184497
1530891507849	377	DecisionBody	POSITION	-1.031769	0.3000031	-7.713192
1530891507885	378	DecisionBody	POSITION	-0.9607239	0.3000031	-7.434142
1530891507925	379	DecisionBody	POSITION	-0.9304199	0.3000031	-7.315179
1530891507949	380	DecisionBody	POSITION	-0.8786011	0.3000031	-7.111752
1530891507985	381	DecisionBody	POSITION	-0.8366394	0.3000031	-6.946975
1530891508017	382	DecisionBody	POSITION	-0.8187561	0.3000031	-6.876729
1530891508065	383	DecisionBody	POSITION	-0.7751465	0.3000031	-6.705397
1530891508101	384	DecisionBody	POSITION	-0.7438965	0.3000031	-6.650006
1530891508133	385	DecisionBody	POSITION	-0.6477966	0.3000031	-6.509451
1530891508165	386	DecisionBody	POSITION	-0.5211487	0.3000031	-6.32982
1530891508200	387	DecisionBody	POSITION	-0.460144	0.3000031	-6.223251
1530891508233	388	DecisionBody	POSITION	-0.3498535	0.3000031	-5.978665
1530891508285	389	DecisionBody	POSITION	-0.1959839	0.3000031	-5.549677
1530891508316	390	DecisionBody	POSITION	-0.1506348	0.3000031	-5.392983
1530891508349	391	DecisionBody	POSITION	-0.0730896	0.3000031	-5.062397
1530891508385	392	DecisionBody	POSITION	-0.01028442	0.3000031	-4.712543
1530891508416	393	DecisionBody	POSITION	0.01647949	0.3000031	-4.553163
1530891508453	394	DecisionBody	POSITION	0.06225586	0.3000031	-4.280622
1530891508497	395	DecisionBody	POSITION	0.09933472	0.3000031	-4.059865
1530891508533	396	DecisionBody	POSITION	0.129364	0.3000031	-3.881052
1530891508569	397	DecisionBody	POSITION	0.153717	0.3000031	-3.736213
1530891508600	398	DecisionBody	POSITION	0.164093	0.3000031	-3.674466
1530891508633	399	DecisionBody	POSITION	0.1818237	0.3000031	-3.568878
1530891508665	400	DecisionBody	POSITION	0.1961975	0.3000031	-3.483352
1530891508717	401	DecisionBody	POSITION	0.2078247	0.3000031	-3.414076
1530891508749	402	DecisionBody	POSITION	0.2172546	0.3000031	-3.357963
1530891508786	403	DecisionBody	POSITION	0.224884	0.3000031	-3.312511
1530891508816	404	DecisionBody	POSITION	0.2281494	0.3000031	-3.293134
1530891509216	415	DecisionBody	POSITION	0.2281494	0.3000031	-3.271534
1530891509249	416	DecisionBody	POSITION	0.2861023	0.3000031	-3.210885
1530891509285	417	DecisionBody	POSITION	0.4124451	0.3000031	-3.141851
1530891509316	418	DecisionBody	POSITION	0.4763184	0.3000031	-3.11037
1530891509365	419	DecisionBody	POSITION	0.6321106	0.3000031	-3.03359
1530891509400	420	DecisionBody	POSITION	0.6740417	0.3000031	-3.012936
1530891509433	421	DecisionBody	POSITION	0.745697	0.3000031	-2.977617
1530891509469	422	DecisionBody	POSITION	0.8037415	0.3000031	-2.949009
1530891509500	423	DecisionBody	POSITION	0.8284912	0.3000031	-2.915213
1530891509533	424	DecisionBody	POSITION	0.9273376	0.3000031	-2.830446
1530891509585	425	DecisionBody	POSITION	1.174469	0.3000031	-2.665414
1530891509616	426	DecisionBody	POSITION	1.277374	0.3000031	-2.600779
1530891509653	427	DecisionBody	POSITION	1.507904	0.3000031	-2.459548
1530891509684	428	DecisionBody	POSITION	1.711609	0.3000031	-2.335623
1530891509716	429	DecisionBody	POSITION	1.798431	0.3000031	-2.282792
1530891509753	430	DecisionBody	POSITION	1.94693	0.3000031	-2.19245
1530891509796	431	DecisionBody	POSITION	2.0672	0.3000031	-2.119273
1530891509833	432	DecisionBody	POSITION	2.164612	0.3000031	-2.06
1530891509868	433	DecisionBody	POSITION	2.306183	0.3000031	-2.011989
1530891509900	434	DecisionBody	POSITION	2.398346	0.3000031	-1.990969
1530891509937	435	DecisionBody	POSITION	2.618591	0.3000031	-1.955025
1530891509969	436	DecisionBody	POSITION	2.879059	0.3000031	-1.92591
1530891510012	437	DecisionBody	POSITION	3.171936	0.3000031	-1.907434
1530891510048	438	DecisionBody	POSITION	3.428528	0.3000031	-1.894053
1530891510085	439	DecisionBody	POSITION	3.636383	0.3000031	-1.883215
1530891510116	440	DecisionBody	POSITION	3.724976	0.3000031	-1.878594
1530891510153	441	DecisionBody	POSITION	3.876495	0.3000031	-1.870693
1530891510185	442	DecisionBody	POSITION	3.999237	0.3000031	-1.864293
1530891510233	443	DecisionBody	POSITION	4.098633	0.3000031	-1.859109
1530891510269	444	DecisionBody	POSITION	4.179169	0.3000031	-1.85491
1530891510300	445	DecisionBody	POSITION	4.21347	0.3000031	-1.85312
1530891510333	446	DecisionBody	POSITION	4.272186	0.3000031	-1.850059
1530891510369	447	DecisionBody	POSITION	4.281128	0.3000031	-1.848754
1530891510400	448	DecisionBody	POSITION	4.281128	0.3000031	-1.870354
1530891510444	449	DecisionBody	POSITION	4.281128	0.3000031	-1.889794
1530891510649	455	DecisionBody	POSITION	4.281128	0.3000031	-1.768618
1530891510685	456	DecisionBody	POSITION	4.281128	0.3000031	-1.668521
1530891510717	457	DecisionBody	POSITION	4.281128	0.3000031	-1.647449
1530891510749	458	DecisionBody	POSITION	4.281128	0.3000031	-1.628483
1530891511077	467	DecisionBody	POSITION	4.281128	0.3000031	-1.691123
1530891511101	468	DecisionBody	POSITION	4.281128	0.3000031	-1.749659
1530891511132	469	DecisionBody	POSITION	4.281128	0.3000031	-1.912396
1530891511169	470	DecisionBody	POSITION	4.281128	0.3000031	-2.126292
1530891511200	471	DecisionBody	POSITION	4.281128	0.3000031	-2.249311
1530891511237	472	DecisionBody	POSITION	4.281128	0.3000031	-2.522314
1530891511281	473	DecisionBody	POSITION	4.281128	0.3000031	-2.825526
1530891511316	474	DecisionBody	POSITION	4.281128	0.3000031	-3.090568
1530891511353	475	DecisionBody	POSITION	4.281128	0.3000031	-3.305252
1530891511385	476	DecisionBody	POSITION	4.281128	0.3000031	-3.479146
1530891511416	477	DecisionBody	POSITION	4.281128	0.3000031	-3.553279
1530891511453	478	DecisionBody	POSITION	4.281128	0.3000031	-3.680048
1530891511497	479	DecisionBody	POSITION	4.281128	0.3000031	-3.782731
1530891511533	480	DecisionBody	POSITION	4.281128	0.3000031	-3.865904
1530891511564	481	DecisionBody	POSITION	4.281128	0.3000031	-3.901361
1530891511601	482	DecisionBody	POSITION	4.281128	0.3000031	-3.961994
1530891511632	483	DecisionBody	POSITION	4.281128	0.3000031	-4.011107
1530891511669	484	DecisionBody	POSITION	4.281128	0.3000031	-4.050889
1530891511816	488	DecisionBody	POSITION	4.282928	0.3000031	-4.043356
1530891511852	489	DecisionBody	POSITION	4.283356	0.3000031	-3.994366
1530891511885	490	DecisionBody	POSITION	4.283386	0.3000031	-3.88304
1530891511933	491	DecisionBody	POSITION	4.283386	0.3000031	-3.711226
1530891511969	492	DecisionBody	POSITION	4.283386	0.3000031	-3.489976
1530891512000	493	DecisionBody	POSITION	4.283386	0.3000031	-3.385422
1530891512020	494	DecisionBody	POSITION	4.283386	0.3000031	-3.291324
1530891512049	495	DecisionBody	POSITION	4.283386	0.3000031	-3.130416
1530891512085	496	DecisionBody	POSITION	4.283386	0.3000031	-3.00008
1530891512117	497	DecisionBody	POSITION	4.283386	0.3000031	-2.944516
1530891512164	498	DECISION_EVENT	False
1530891512164	498	PLAYER_DECISION	PHASE_1	CHOICE	LEFT
1530891512169	498	DecisionBody	POSITION	4.239868	0.31427	-2.793434
1530891512201	499	DecisionBody	POSITION	4.206299	0.3252716	-2.781438
1530891512232	500	DecisionBody	POSITION	4.177399	0.3347473	-2.771101
1530891512269	501	DecisionBody	POSITION	4.143799	0.3457642	-2.759091
1530891512301	502	DecisionBody	POSITION	4.114471	0.3553772	-2.748609
1530891512332	503	DecisionBody	POSITION	4.085114	0.3650055	-2.738111
1530891512386	504	DecisionBody	POSITION	4.036713	0.3808746	-2.720809
1530891512417	505	DecisionBody	POSITION	4.007507	0.3904419	-2.710374
1530891512453	506	DecisionBody	POSITION	3.973907	0.4014587	-2.69836
1530891512485	507	DecisionBody	POSITION	3.944702	0.4110413	-2.687918
1530891512516	508	DecisionBody	POSITION	3.915527	0.4206085	-2.677484
1530891512553	509	DecisionBody	POSITION	3.881775	0.4316711	-2.665417
1530891512597	510	DecisionBody	POSITION	3.841583	0.4448395	-2.651052
1530891512637	511	DecisionBody	POSITION	3.804535	0.4569855	-2.637814
1530891512669	512	DecisionBody	POSITION	3.775055	0.4666595	-2.627267
1530891512700	513	DecisionBody	POSITION	3.745911	0.4762115	-2.616856
1530891512733	514	DecisionBody	POSITION	3.716278	0.4859161	-2.606263
1530891512769	515	DecisionBody	POSITION	3.682953	0.4968567	-2.594345
1530891512817	516	DecisionBody	POSITION	3.638611	0.5113831	-2.578491
1530891512848	517	DecisionBody	POSITION	3.60968	0.520874	-2.568152
1530891512885	518	DecisionBody	POSITION	3.575989	0.5319214	-2.556102
1530891512916	519	DecisionBody	POSITION	3.546906	0.5414581	-2.545709
1530891512953	520	DecisionBody	POSITION	3.513062	0.5525513	-2.533605
1530891512985	521	DecisionBody	POSITION	3.483948	0.562088	-2.523203
1530891513032	522	DecisionBody	POSITION	3.439789	0.5765686	-2.507419
1530891513069	523	DecisionBody	POSITION	3.406097	0.587616	-2.495374
1530891513101	524	DecisionBody	POSITION	3.377075	0.5971222	-2.484997
1530891513132	525	DecisionBody	POSITION	3.347778	0.6067352	-2.47452
1530891513168	526	DecisionBody	POSITION	3.314606	0.6176147	-2.462665
1530891513200	527	DecisionBody	POSITION	3.285095	0.6272888	-2.452114
1530891513252	528	DecisionBody	POSITION	3.237091	0.6430206	-2.434954
1530891513285	529	DecisionBody	POSITION	3.207367	0.652771	-2.424321
1530891513316	530	DecisionBody	POSITION	3.178284	0.6622925	-2.413933
1530891513349	531	DecisionBody	POSITION	3.148651	0.6720276	-2.403333
1530891513385	532	DecisionBody	POSITION	3.115051	0.6830292	-2.391327
1530891513416	533	DecisionBody	POSITION	3.085907	0.6925812	-2.380908
1530891513464	534	DecisionBody	POSITION	3.041809	0.7070465	-2.365141
1530891513500	535	DecisionBody	POSITION	3.008514	0.7179565	-2.353242
1530891513532	536	DecisionBody	POSITION	2.979034	0.7276154	-2.342704
1530891513569	537	DecisionBody	POSITION	2.945465	0.7386322	-2.330699
1530891513600	538	DecisionBody	POSITION	2.916107	0.7482452	-2.320207
1530891513632	539	DecisionBody	POSITION	2.887146	0.7577515	-2.309849
1530891513681	540	DecisionBody	POSITION	2.842743	0.7723083	-2.29398
1530891513716	541	DecisionBody	POSITION	2.809509	0.7832031	-2.282091
1530891513748	542	DecisionBody	POSITION	2.779938	0.7928925	-2.271525
1530891513784	543	DecisionBody	POSITION	2.746674	0.8038025	-2.259633
1530891513816	544	DecisionBody	POSITION	2.717407	0.8134003	-2.249173
1530891513848	545	DecisionBody	POSITION	2.687958	0.8230438	-2.238645
1530891513901	546	DecisionBody	POSITION	2.639496	0.8389435	-2.221318
1530891513932	547	DecisionBody	POSITION	2.610565	0.8484192	-2.210975
1530891513968	548	DecisionBody	POSITION	2.577362	0.859314	-2.1991
1530891514000	549	DecisionBody	POSITION	2.54776	0.8690186	-2.188519
1530891514032	550	DecisionBody	POSITION	2.518524	0.8786011	-2.178073
1530891514069	551	DecisionBody	POSITION	2.484802	0.8896637	-2.166012
1530891514117	552	DecisionBody	POSITION	2.440643	0.904129	-2.150228
1530891514152	553	DecisionBody	POSITION	2.440002	0.9043427	-2.15
1530891514184	554	DecisionBody	POSITION	2.440002	0.8337097	-2.149998
1530891514217	555	DecisionBody	POSITION	2.515991	0.9043427	-2.15
1530891514253	556	DecisionBody	POSITION	2.603241	0.9043427	-2.15
1530891514285	557	DecisionBody	POSITION	2.679047	0.9043427	-2.15
1530891514333	558	DecisionBody	POSITION	2.793701	0.9043427	-2.15
1530891514369	559	DecisionBody	POSITION	2.879913	0.9043427	-2.15
1530891514400	560	DecisionBody	POSITION	2.955902	0.9043427	-2.15
1530891514437	561	DecisionBody	POSITION	3.042328	0.9043427	-2.15
1530891514468	562	DecisionBody	POSITION	3.118713	0.9043427	-2.15
1530891514500	563	DecisionBody	POSITION	3.19455	0.9043427	-2.15
1530891514548	564	DecisionBody	POSITION	3.309692	0.9043427	-2.15
1530891514585	565	DecisionBody	POSITION	3.395752	0.9043427	-2.15
1530891514616	566	DecisionBody	POSITION	3.471985	0.9043427	-2.15
1530891514648	567	DecisionBody	POSITION	3.547821	0.9043427	-2.15
1530891514685	568	DecisionBody	POSITION	3.635223	0.9043427	-2.15
1530891514716	569	DecisionBody	POSITION	3.710663	0.9043427	-2.15
1530891514764	570	DecisionBody	POSITION	3.8255	0.9043427	-2.15
1530891514800	571	DecisionBody	POSITION	3.91214	0.9043427	-2.15
1530891514837	572	DecisionBody	POSITION	3.99823	0.9043427	-2.15
1530891514869	573	DecisionBody	POSITION	4.07486	0.9043427	-2.15
1530891514900	574	DecisionBody	POSITION	4.15094	0.9043427	-2.15
1530891514937	575	DecisionBody	POSITION	4.236938	0.9043427	-2.15
1530891514981	576	DecisionBody	POSITION	4.342377	0.9043427	-2.15
1530891515016	577	DecisionBody	POSITION	4.427643	0.9043427	-2.15
1530891515053	578	DecisionBody	POSITION	4.514343	0.9043427	-2.15
1530891515084	579	DecisionBody	POSITION	4.590363	0.9043427	-2.15
1530891515117	580	DecisionBody	POSITION	4.666901	0.9043427	-2.15
1530891515153	581	DecisionBody	POSITION	4.754425	0.9043427	-2.15
1530891515201	582	DecisionBody	POSITION	4.868896	0.9043427	-2.15
1530891515237	583	DecisionBody	POSITION	4.954224	0.9043427	-2.15
1530891515269	584	DecisionBody	POSITION	5.030487	0.9043427	-2.15
1530891515300	585	DecisionBody	POSITION	5.106354	0.9043427	-2.15
1530891515337	586	DecisionBody	POSITION	5.193665	0.9043427	-2.15
1530891515369	587	DecisionBody	POSITION	5.269653	0.9043427	-2.15
1530891515413	588	DecisionBody	POSITION	5.374237	0.9043427	-2.15
1530891515453	589	DecisionBody	POSITION	5.470795	0.9043427	-2.15
1530891515485	590	DecisionBody	POSITION	5.546692	0.9043427	-2.15
1530891515516	591	DecisionBody	POSITION	5.622986	0.9043427	-2.15
1530891515553	592	DecisionBody	POSITION	5.709167	0.9043427	-2.15
1530891515584	593	DecisionBody	POSITION	5.78537	0.9043427	-2.15
1530891515633	594	DecisionBody	POSITION	5.900635	0.9043427	-2.15
1530891515669	595	DecisionBody	POSITION	5.987091	0.9043427	-2.15
1530891515700	596	DecisionBody	POSITION	6.062347	0.9043427	-2.15
1530891515737	597	DecisionBody	POSITION	6.149872	0.9043427	-2.15
1530891515769	598	DecisionBody	POSITION	6.225891	0.9043427	-2.15
1530891515800	599	DecisionBody	POSITION	6.301392	0.9043427	-2.15
1530891515849	600	DecisionBody	POSITION	6.417267	0.9043427	-2.15
1530891515884	601	DecisionBody	POSITION	6.502502	0.9043427	-2.15
1530891515916	602	DecisionBody	POSITION	6.578674	0.9043427	-2.15
1530891515953	603	DecisionBody	POSITION	6.665924	0.9043427	-2.15
1530891515984	604	DecisionBody	POSITION	6.741577	0.9043427	-2.15
1530891516016	605	DecisionBody	POSITION	6.817749	0.9043427	-2.15
1530891516078	606	DecisionBody	POSITION	6.942169	0.9043427	-2.15
1530891516116	607	DecisionBody	POSITION	7.057129	0.9043427	-2.15
1530891516152	608	DecisionBody	POSITION	7.143372	0.9043427	-2.15
1530891516184	609	DecisionBody	POSITION	7.220001	0.9043427	-2.15
1530891516215	610	DecisionBody	POSITION	7.220001	0.8337097	-2.149999
1530891516265	611	DecisionBody	POSITION	7.745422	0.9125214	-2.361989
1530891516300	612	DecisionBody	POSITION	8.144745	0.9187469	-2.523107
1530891516332	613	DecisionBody	POSITION	8.490295	0.924118	-2.662534
1530891516369	614	DecisionBody	POSITION	8.891571	0.9303741	-2.824432
1530891516400	615	DecisionBody	POSITION	9.239685	0.935791	-2.964895
1530891516432	616	DecisionBody	POSITION	9.588074	0.9412079	-3.105459
1530891516481	617	DecisionBody	POSITION	10.11569	0.9494171	-3.318333
1530891516516	618	DecisionBody	POSITION	10.51044	0.9555664	-3.477602
1530891516553	619	DecisionBody	POSITION	10.91193	0.9618225	-3.639597
1530891516584	620	DecisionBody	POSITION	11.25595	0.9671783	-3.778404
1530891516616	621	DecisionBody	POSITION	11.60596	0.9726257	-3.919619
1530891516653	622	DecisionBody	POSITION	12.00565	0.9788513	-4.080884
1530891516705	623	DecisionBody	POSITION	12.58032	0.987793	-4.312758
1530891516736	624	DecisionBody	POSITION	12.92761	0.9932098	-4.452871
1530891516769	625	DecisionBody	POSITION	13.27661	0.998642	-4.593684
1530891516800	626	DecisionBody	POSITION	13.62619	1.004074	-4.734735
1530891516837	627	DecisionBody	POSITION	14.02472	1.010284	-4.895535
1530891516869	628	DecisionBody	POSITION	14.37509	1.015732	-5.036901
1530891516916	629	DecisionBody	POSITION	14.89581	1.023849	-5.246995
1530891516952	630	DecisionBody	POSITION	15.29285	1.030029	-5.407181
1530891516985	631	DecisionBody	POSITION	15.64624	1.035522	-5.549772
1530891517021	632	DecisionBody	POSITION	16.04465	1.041733	-5.710515
1530891517053	633	DecisionBody	POSITION	16.39435	1.04718	-5.851619
1530891517084	634	DecisionBody	POSITION	16.73807	1.052521	-5.990294
1530891517133	635	DecisionBody	POSITION	17.26617	1.060745	-6.20338
1530891517169	636	DecisionBody	POSITION	17.66299	1.066925	-6.363481
1530891517200	637	DecisionBody	POSITION	18.01654	1.072433	-6.506129
1530891517237	638	DecisionBody	POSITION	18.40985	1.078552	-6.664819
1530891517268	639	DecisionBody	POSITION	18.75635	1.083954	-6.804622
1530891517300	640	DecisionBody	POSITION	19.10999	1.089447	-6.947306
1530891517349	641	DecisionBody	POSITION	19.63589	1.097641	-7.159498
1530891517385	642	DecisionBody	POSITION	20.03394	1.103836	-7.320095
1530891517416	643	DecisionBody	POSITION	20.38281	1.109268	-7.460858
1530891517453	644	DecisionBody	POSITION	20.77908	1.115448	-7.620747
1530891517484	645	DecisionBody	POSITION	21.12695	1.12085	-7.761095
1530891517516	646	DecisionBody	POSITION	21.47775	1.126312	-7.902637
1530891517565	647	DecisionBody	POSITION	22.0065	1.134552	-8.115975
1530891517600	648	DecisionBody	POSITION	22.39795	1.14064	-8.273912
1530891517632	649	DecisionBody	POSITION	22.75021	1.146133	-8.416039
1530891517669	650	DecisionBody	POSITION	23.14816	1.152328	-8.576605
1530891517700	651	DecisionBody	POSITION	23.49551	1.15773	-8.716748
1530891517737	652	DecisionBody	POSITION	23.89658	1.163971	-8.878571
1530891517785	653	DecisionBody	POSITION	24.42145	1.17215	-9.090343
1530891517816	654	DecisionBody	POSITION	24.76736	1.177536	-9.229907
1530891517853	655	DecisionBody	POSITION	25.16388	1.183701	-9.389897
1530891517884	656	DecisionBody	POSITION	25.51495	1.189178	-9.531547
1530891517917	657	DecisionBody	POSITION	25.8671	1.194656	-9.673619
1530891517953	658	DecisionBody	POSITION	26.26144	1.20079	-9.832729
1530891518001	659	DecisionBody	POSITION	26.78854	1.209	-10.0454
1530891518032	660	DecisionBody	POSITION	27.13434	1.214386	-10.18492
1530891518069	661	DecisionBody	POSITION	27.53244	1.220581	-10.34555
1530891518100	662	DecisionBody	POSITION	27.88107	1.226013	-10.48621
1530891518132	663	DecisionBody	POSITION	28.23114	1.231461	-10.62745
1530891518169	664	DecisionBody	POSITION	28.63275	1.237717	-10.78949
1530891518212	665	DecisionBody	POSITION	29.10889	1.245117	-10.98161
1530891518232	666	DecisionBody	POSITION	29.15448	1.245834	-11
1530891518268	667	DecisionBody	POSITION	26.8114	0.3001556	-11
1530891518300	668	DecisionBody	POSITION	26.73328	0.3000336	-11
1530891518332	669	PHASE_2_MOVE	STARTED
1530891518333	669	DecisionBody	POSITION	57.06	0.9043427	-11
1530891518368	670	DecisionBody	POSITION	57.06	0.8925781	-11
1530891518400	671	DecisionBody	POSITION	57.06	0.8807983	-11
1530891518432	672	DecisionBody	POSITION	57.06	0.8454895	-11
1530891518448	673	DecisionBody	POSITION	57.06	0.8219452	-11
1530891518468	674	DecisionBody	POSITION	57.06	0.7944641	-11
1530891518499	675	DecisionBody	POSITION	57.06	0.7630768	-11
1530891518536	676	DecisionBody	POSITION	57.06	0.6885223	-11
1530891518568	677	DecisionBody	POSITION	57.06	0.5982666	-11
1530891518599	678	DecisionBody	POSITION	57.06	0.5472565	-11
1530891518616	679	DecisionBody	POSITION	57.06	0.4923248	-11
1530891518636	680	DecisionBody	POSITION	57.06	0.4334564	-11
1530891518668	681	DecisionBody	POSITION	57.06	0.3106384	-11
1530891518699	682	DecisionBody	POSITION	57.06	0.302124	-11
1530891520783	752	DecisionBody	POSITION	57.0816	0.3004303	-11
1530891520815	753	DecisionBody	POSITION	57.18115	0.3000183	-11.00073
1530891520836	754	PlantAudio	AUDIO_STOPPED	PlantAudio	Eastern Thought	IS_LOOPING	True	67.57162	2.339996	-10.96818
1530891520836	754	HardwareAudio	AUDIO_PLAYING	HardwareAudio	Metalmania	IS_LOOPING	True	67.57162	2.339996	-10.96818
1530891520836	754	DecisionBody	POSITION	57.25543	0.3000031	-11.00221
1530891520868	755	DecisionBody	POSITION	57.44501	0.3000031	-11.00711
1530891520899	756	DecisionBody	POSITION	57.55762	0.3000031	-11.00996
1530891520916	757	DecisionBody	POSITION	57.6806	0.3000031	-11.01252
1530891520935	758	DecisionBody	POSITION	57.81287	0.3000031	-11.01475
1530891520968	759	DecisionBody	POSITION	58.10172	0.3000031	-11.01767
1530891520999	760	DecisionBody	POSITION	58.25665	0.3000031	-11.01877
1530891521036	761	DecisionBody	POSITION	58.52167	0.3000031	-11.02065
1530891521068	762	DecisionBody	POSITION	58.7363	0.3000031	-11.02217
1530891521099	763	DecisionBody	POSITION	58.82779	0.3000031	-11.02282
1530891521136	764	DecisionBody	POSITION	58.98425	0.3000031	-11.02393
1530891521168	765	DecisionBody	POSITION	59.11102	0.3000031	-11.02483
1530891521199	766	DecisionBody	POSITION	59.16504	0.3000031	-11.02521
1530891521220	767	DecisionBody	POSITION	59.21368	0.3000031	-11.02556
1530891521252	768	DecisionBody	POSITION	59.35944	0.3000031	-11.02382
1530891521283	769	DecisionBody	POSITION	59.45337	0.3000031	-11.0222
1530891521316	770	DecisionBody	POSITION	59.67667	0.3000031	-11.01899
1530891521352	771	DecisionBody	POSITION	59.93961	0.3000031	-11.01483
1530891521383	772	DecisionBody	POSITION	60.08276	0.3000031	-11.00715
1530891521420	773	DecisionBody	POSITION	60.37585	0.3000031	-10.95408
1530891521452	774	DecisionBody	POSITION	60.62823	0.3000031	-10.83608
1530891521483	775	DecisionBody	POSITION	60.73584	0.3000031	-10.75393
1530891521516	776	DecisionBody	POSITION	60.9198	0.3000031	-10.55083
1530891521536	777	DecisionBody	POSITION	60.99826	0.3000031	-10.45402
1530891521568	778	DecisionBody	POSITION	61.13239	0.3000031	-10.22582
1530891521599	779	DecisionBody	POSITION	61.18954	0.3000031	-10.11831
1530891521619	780	DecisionBody	POSITION	61.241	0.3000031	-10.02154
1530891521652	781	DecisionBody	POSITION	61.32901	0.3000031	-9.856076
1530891521683	782	DecisionBody	POSITION	61.36652	0.3000031	-9.785536
1530891521720	783	DecisionBody	POSITION	61.43066	0.3000031	-9.66491
1530891521751	784	DecisionBody	POSITION	61.48264	0.3000031	-9.567204
1530891521783	785	DecisionBody	POSITION	61.50479	0.3000031	-9.525551
1530891521816	786	DecisionBody	POSITION	61.54266	0.3000031	-9.454324
1530891521852	787	DecisionBody	POSITION	61.57333	0.3000031	-9.396629
1530891521883	788	DecisionBody	POSITION	61.59442	0.3000031	-9.351973
1530891521916	789	DecisionBody	POSITION	61.64032	0.3000031	-9.213748
1530891521940	790	DecisionBody	POSITION	61.66327	0.3000031	-9.123189
1530891521968	791	DecisionBody	POSITION	61.74863	0.3000031	-8.925917
1530891521999	792	DecisionBody	POSITION	61.81415	0.3000031	-8.834888
1530891522036	793	DecisionBody	POSITION	61.92615	0.3000031	-8.679228
1530891522055	794	DecisionBody	POSITION	61.97391	0.3000031	-8.612867
1530891522083	795	DecisionBody	POSITION	62.01691	0.3000031	-8.553144
1530891522104	796	DecisionBody	POSITION	62.05557	0.3000031	-8.499392
1530891522136	797	DecisionBody	POSITION	62.12173	0.3000031	-8.407476
1530891522167	798	DecisionBody	POSITION	62.17532	0.3000031	-8.333025
1530891522199	799	DecisionBody	POSITION	62.21976	0.3000031	-8.300917
1530891522236	800	DecisionBody	POSITION	62.35837	0.3000031	-8.244935
1530891522255	801	DecisionBody	POSITION	62.44928	0.3000031	-8.220016
1530891522284	802	DecisionBody	POSITION	62.55252	0.3000031	-8.19481
1530891522316	803	DecisionBody	POSITION	62.79114	0.3000031	-8.143352
1530891522352	804	DecisionBody	POSITION	63.06622	0.3000031	-8.095365
1530891522384	805	DecisionBody	POSITION	63.2153	0.3000031	-8.074301
1530891522403	806	DecisionBody	POSITION	63.34949	0.3000031	-8.055344
1530891522436	807	DecisionBody	POSITION	63.57892	0.3000031	-8.022925
1530891522468	808	DecisionBody	POSITION	63.76477	0.3000031	-7.996668
1530891522487	809	DecisionBody	POSITION	63.84399	0.3000031	-7.985474
1530891522515	810	DecisionBody	POSITION	63.91528	0.3000031	-7.975399
1530891522540	811	DecisionBody	POSITION	63.97946	0.3000031	-7.966331
1530891522568	812	DecisionBody	POSITION	64.15186	0.3000031	-7.950385
1530891522604	813	DecisionBody	POSITION	64.25714	0.3000031	-7.942747
1530891522636	814	DecisionBody	POSITION	64.49927	0.3000031	-7.92112
1530891522656	815	DecisionBody	POSITION	64.63379	0.3000031	-7.906173
1530891522683	816	DecisionBody	POSITION	64.77606	0.3000031	-7.888654
1530891522720	817	DecisionBody	POSITION	65.01938	0.3000031	-7.858697
1530891522752	818	DecisionBody	POSITION	65.21646	0.3000031	-7.834432
1530891522783	819	DecisionBody	POSITION	65.30048	0.3000031	-7.824087
1530891522815	820	DecisionBody	POSITION	65.44415	0.3000031	-7.806397
1530891522852	821	DecisionBody	POSITION	65.56052	0.3000031	-7.792068
1530891522884	822	DecisionBody	POSITION	65.61011	0.3000031	-7.76436
1530891522920	823	DecisionBody	POSITION	65.75632	0.3000031	-7.704429
1530891522951	824	DecisionBody	POSITION	65.95215	0.3000031	-7.629295
1530891522983	825	DecisionBody	POSITION	66.0603	0.3000031	-7.578192
1530891523020	826	DecisionBody	POSITION	66.24963	0.3000031	-7.42832
1530891523052	827	DecisionBody	POSITION	66.40436	0.3000031	-7.224891
1530891523083	828	DecisionBody	POSITION	66.47034	0.3000031	-7.106335
1530891523104	829	DecisionBody	POSITION	66.58313	0.3000031	-6.903603
1530891523136	830	DecisionBody	POSITION	66.63123	0.3000031	-6.817175
1530891523168	831	DecisionBody	POSITION	66.71344	0.3000031	-6.669384
1530891523199	832	DecisionBody	POSITION	66.7485	0.3000031	-6.606379
1530891523236	833	DecisionBody	POSITION	66.80844	0.3000031	-6.498639
1530891523268	834	DecisionBody	POSITION	66.85699	0.3000031	-6.41137
1530891523287	835	DecisionBody	POSITION	66.87772	0.3000031	-6.374166
1530891523315	836	DecisionBody	POSITION	66.89633	0.3000031	-6.340682
1530891523335	837	DecisionBody	POSITION	66.91312	0.3000031	-6.310546
1530891523368	838	DecisionBody	POSITION	66.94177	0.3000031	-6.259014
1530891523399	839	DecisionBody	POSITION	66.95401	0.3000031	-6.237045
1530891523436	840	DecisionBody	POSITION	66.97491	0.3000031	-6.199479
1530891523468	841	DecisionBody	POSITION	66.98383	0.3000031	-6.183464
1530891524118	861	DecisionBody	POSITION	67.04608	0.3000031	-6.176519
1530891524152	862	DecisionBody	POSITION	67.17535	0.3000031	-6.149222
1530891524183	863	DecisionBody	POSITION	67.255	0.3000031	-6.118688
1530891524220	864	DecisionBody	POSITION	67.41187	0.3000031	-6.007338
1530891524252	865	DecisionBody	POSITION	67.54535	0.3000031	-5.836152
1530891524283	866	DecisionBody	POSITION	67.60223	0.3000031	-5.731341
1530891524315	867	DecisionBody	POSITION	67.69955	0.3000031	-5.552114
1530891524336	868	DecisionBody	POSITION	67.74103	0.3000031	-5.475707
1530891524368	869	DecisionBody	POSITION	67.81195	0.3000031	-5.345051
1530891524399	870	DecisionBody	POSITION	67.84219	0.3000031	-5.28935
1530891524436	871	DecisionBody	POSITION	67.89392	0.3000031	-5.194101
1530891524468	872	DecisionBody	POSITION	67.93579	0.3000031	-5.11695
1530891524499	873	DecisionBody	POSITION	67.95364	0.3000031	-5.084059
1530891524536	874	DecisionBody	POSITION	67.98419	0.3000031	-5.027816
1530891524567	875	DecisionBody	POSITION	68.00891	0.3000031	-4.982259
1530891524599	876	DecisionBody	POSITION	68.01947	0.3000031	-4.962838
1530891524616	877	DecisionBody	POSITION	68.02896	0.3000031	-4.945358
