1531773560027	0	InfoGroup	CANVAS_GROUP_ALPHA	0
1531773560028	0	TrainingPeriodGroup	CANVAS_GROUP_ALPHA	0
1531773560028	0	TrainingInstructionScreen	CANVAS_GROUP_ALPHA	0
1531773560029	0	SESS_START	1	ShopliftCog v0.1
1531773560029	0	MIC_TEST
1531773560030	0	NegativeFeedback	CANVAS_GROUP_ALPHA	0
1531773560030	0	DecisionBody	POSITION	-51.16394	-1.210007	158.168
1531773560030	0	DecisionBody	ROTATION	0	180	0
1531773560031	0	DecisionBody	SCALE	1	1	1
1531773560031	0	InstructionScreen	CANVAS_GROUP_ALPHA	0
1531773560032	0	P1CamZone	POSITION	-51.16394	-1.700012	149.4814
1531773560032	0	P1CamZone	ROTATION	0	0	0
1531773560032	0	P1CamZone	SCALE	4.2	0.65429	4.2
1531773560032	0	PositiveFeedback	CANVAS_GROUP_ALPHA	0
1531773560032	0	IntertrialScreen	CANVAS_GROUP_ALPHA	0
1531773560032	0	P2CamZone_L	POSITION	-47.03094	-1.700012	99.66835
1531773560032	0	P2CamZone_L	ROTATION	0	0	0
1531773560032	0	P2CamZone_L	SCALE	4.2	0.65429	4.2
1531773560032	0	P2CamZone_R	POSITION	-55.16092	-1.700012	110.3471
1531773560032	0	P2CamZone_R	ROTATION	0	0	0
1531773560032	0	P2CamZone_R	SCALE	4.2	0.65429	4.2
1531773561357	1	TrainingInstructionScreen	CANVAS_GROUP_ALPHA	1
1531773561357	1	DecisionBody	POSITION	-50.44327	-0.858139	156.4406
1531773561422	2	DecisionBody	POSITION	-50.24039	-0.8751984	155.9388
1531773561474	3	DecisionBody	POSITION	-50.1355	-0.8752594	155.6794
1531773561542	4	DecisionBody	POSITION	-50.09851	-0.8752594	155.4903
1531773561589	5	DecisionBody	POSITION	-50.09814	-0.8752594	155.3937
1531773561657	6	DecisionBody	POSITION	-50.09854	-0.8761139	155.2562
1531773561706	7	InfoGroup	CANVAS_GROUP_ALPHA	1
1531773561706	7	DecisionBody	POSITION	-50.09924	-0.8841858	155.2063
1531773561758	8	DecisionBody	POSITION	-50.09979	-0.8847504	155.1684
1531773562805	29	DecisionBody	POSITION	-50.08777	-0.8775787	155.1116
1531773562858	30	DecisionBody	POSITION	-50.02756	-0.8750458	154.9095
1531773562905	31	DecisionBody	POSITION	-49.98203	-0.8752441	154.7711
1531773562957	32	DecisionBody	POSITION	-49.95953	-0.8752594	154.6485
1531773563005	33	DecisionBody	POSITION	-49.95941	-0.8752594	154.6004
1531773563057	34	DecisionBody	POSITION	-49.95941	-0.8752594	154.5615
1531773564359	60	PHASE_1_MOVE	STARTED
1531773564361	60	TrainingPeriodGroup	CANVAS_GROUP_ALPHA	1
1531773564361	60	TrainingInstructionScreen	CANVAS_GROUP_ALPHA	0
1531773564361	60	DecisionBody	POSITION	-51.16394	-1.210007	168.648
1531773564422	61	DecisionBody	POSITION	-51.12961	-0.8779755	168.5271
1531773564489	62	DecisionBody	POSITION	-51.12985	-0.8756866	168.3929
1531773564542	63	DecisionBody	POSITION	-51.13022	-0.8756866	168.2586
1531773564589	64	DecisionBody	POSITION	-51.13037	-0.8756866	168.1645
1531773564642	65	DecisionBody	POSITION	-51.13062	-0.8757019	168.0302
1531773564705	66	DecisionBody	POSITION	-51.13089	-0.8757172	167.8959
1531773564757	67	DecisionBody	POSITION	-51.13116	-0.8757324	167.7617
1531773564821	68	DecisionBody	POSITION	-51.13144	-0.8757324	167.6274
1531773564873	69	DecisionBody	POSITION	-51.13171	-0.8757477	167.4931
1531773564941	70	DecisionBody	POSITION	-51.1322	-0.8739166	167.3628
1531773564989	71	DecisionBody	POSITION	-51.13239	-0.8816681	167.2687
1531773565042	72	DecisionBody	POSITION	-51.13348	-0.8811798	167.1376
1531773565089	73	DecisionBody	POSITION	-51.13388	-0.873642	167.0467
1531773565141	74	DecisionBody	POSITION	-51.13422	-0.8758392	166.9124
1531773565189	75	DecisionBody	POSITION	-51.13443	-0.875885	166.8183
1531773565241	76	DecisionBody	POSITION	-51.13504	-0.8759155	166.6841
1531773565289	77	DecisionBody	POSITION	-51.13525	-0.8759155	166.5899
1531773565358	78	DecisionBody	POSITION	-51.13599	-0.8759613	166.4195
1531773565405	79	DecisionBody	POSITION	-51.13623	-0.8759766	166.3254
1531773565474	80	DecisionBody	POSITION	-51.13718	-0.8760223	166.155
1531773565525	81	DecisionBody	POSITION	-51.13745	-0.8760376	166.0609
1531773565589	82	DecisionBody	POSITION	-51.13797	-0.8760681	165.9266
1531773565641	83	DecisionBody	POSITION	-51.13855	-0.8760986	165.7924
1531773565689	84	DecisionBody	POSITION	-51.13913	-0.8761444	165.6982
1531773565741	85	DecisionBody	POSITION	-51.13992	-0.8761902	165.564
1531773565789	86	DecisionBody	POSITION	-51.14032	-0.8762054	165.4698
1531773565842	87	DecisionBody	POSITION	-51.1412	-0.8751221	165.339
1531773565906	88	DecisionBody	POSITION	-51.1412	-0.8849945	165.2054
1531773565958	89	DecisionBody	POSITION	-51.14136	-0.8826904	165.0746
1531773566026	90	DecisionBody	POSITION	-51.1424	-0.8752289	164.9457
1531773566073	90	Joystick0	-0.142764
1531773566074	91	CAM_SNEAKING	(-51.1, -0.9, 164.8)	0
1531773566076	91	PositiveFeedback	CANVAS_GROUP_ALPHA	1
1531773566076	91	DecisionBody	POSITION	-51.14319	-0.8763733	164.8114
1531773566141	92	InfoGroup	CANVAS_GROUP_ALPHA	0
1531773566141	92	DecisionBody	POSITION	-51.14395	-0.8764343	164.6772
1531773566189	93	DecisionBody	POSITION	-51.14435	-0.8764648	164.583
1531773566241	94	DecisionBody	POSITION	-51.14529	-0.8765259	164.4488
1531773566289	95	DecisionBody	POSITION	-51.14572	-0.8765717	164.3546
1531773566342	96	DecisionBody	POSITION	-51.14688	-0.8766479	164.2204
1531773566389	97	DecisionBody	POSITION	-51.14749	-0.876709	164.1262
1531773566441	98	DecisionBody	POSITION	-51.14841	-0.87677	163.992
1531773566489	99	DecisionBody	POSITION	-51.14893	-0.8768158	163.8978
1531773566542	100	DecisionBody	POSITION	-51.15018	-0.8769073	163.7636
1531773566589	101	DecisionBody	POSITION	-51.15082	-0.8769684	163.6694
1531773566642	102	DecisionBody	POSITION	-51.15192	-0.8770599	163.5352
1531773566689	103	DecisionBody	POSITION	-51.1525	-0.8771057	163.4411
1531773566742	104	DecisionBody	POSITION	-51.15372	-0.8750458	163.3086
1531773566789	105	DecisionBody	POSITION	-51.15408	-0.8804016	163.2146
1531773566858	106	DecisionBody	POSITION	-51.15454	-0.8805542	163.0493
1531773566905	107	DecisionBody	POSITION	-51.15576	-0.8757324	162.957
1531773566958	108	DecisionBody	POSITION	-51.15692	-0.8775482	162.8227
1531773567005	109	DecisionBody	POSITION	-51.15765	-0.8775787	162.7286
1531773567057	110	DecisionBody	POSITION	-51.15903	-0.8777161	162.5943
1531773567105	111	PositiveFeedback	CANVAS_GROUP_ALPHA	0
1531773567105	111	DecisionBody	POSITION	-51.15994	-0.8777924	162.5002
1531773567157	112	DecisionBody	POSITION	-51.16168	-0.8779755	162.3659
1531773567205	113	DecisionBody	POSITION	-51.16251	-0.878067	162.2718
1531773567257	114	DecisionBody	POSITION	-51.164	-0.8782196	162.1375
1531773567305	115	DecisionBody	POSITION	-51.16504	-0.8783417	162.0434
1531773567357	116	DecisionBody	POSITION	-51.16666	-0.8785095	161.9091
1531773567405	117	DecisionBody	POSITION	-51.16757	-0.8786316	161.815
1531773567457	118	DecisionBody	POSITION	-51.16943	-0.8788452	161.6807
1531773567505	119	DecisionBody	POSITION	-51.17047	-0.8789825	161.5866
1531773567558	120	DecisionBody	POSITION	-51.1723	-0.8791962	161.4523
1531773567609	121	DecisionBody	POSITION	-51.17337	-0.8784332	161.3591
1531773567658	122	DecisionBody	POSITION	-51.1749	-0.8829498	161.2264
1531773567705	123	DecisionBody	POSITION	-51.17441	-0.8835602	161.1337
1531773567757	124	DecisionBody	POSITION	-51.17709	-0.8789063	161.0042
1531773567805	125	DecisionBody	POSITION	-51.17807	-0.8801575	160.9106
1531773567857	126	DecisionBody	POSITION	-51.18042	-0.8803101	160.7763
1531773567905	127	DecisionBody	POSITION	-51.18161	-0.8804779	160.6822
1531773567957	128	DecisionBody	POSITION	-51.18387	-0.8807983	160.5479
1531773568005	129	DecisionBody	POSITION	-51.18509	-0.8809814	160.4538
1531773568057	130	DecisionBody	POSITION	-51.18747	-0.8813477	160.3195
1531773568105	131	DecisionBody	POSITION	-51.18884	-0.8815765	160.2254
1531773568158	132	DecisionBody	POSITION	-51.19156	-0.8820038	160.0911
1531773568205	133	DecisionBody	POSITION	-51.19305	-0.8822479	159.997
1531773568257	134	DecisionBody	POSITION	-51.19604	-0.8826904	159.8627
1531773568305	135	DecisionBody	POSITION	-51.19745	-0.8829193	159.7686
1531773568357	136	DecisionBody	POSITION	-51.19864	-0.8831177	159.6344
1531773568405	137	DecisionBody	POSITION	-51.19858	-0.8831177	159.5402
1531773568457	138	DecisionBody	POSITION	-51.19858	-0.8831177	159.406
1531773568505	139	DecisionBody	POSITION	-51.19901	-0.8798981	159.3143
1531773568557	140	DecisionBody	POSITION	-51.19891	-0.8846436	159.1809
1531773568605	141	DecisionBody	POSITION	-51.19901	-0.8807678	159.0896
1531773568657	142	DecisionBody	POSITION	-51.198	-0.8830109	158.956
1531773568705	143	DecisionBody	POSITION	-51.19839	-0.8830872	158.8619
1531773568757	144	DecisionBody	POSITION	-51.19858	-0.8831177	158.7276
1531773568805	145	DecisionBody	POSITION	-51.19852	-0.8831024	158.6335
1531773568857	146	DecisionBody	POSITION	-51.19858	-0.8831177	158.4992
1531773568905	147	DecisionBody	POSITION	-51.19852	-0.8831024	158.4051
1531773568957	148	DecisionBody	POSITION	-51.19855	-0.8831177	158.2708
1531773569021	149	DecisionBody	POSITION	-51.19855	-0.8831177	158.1366
1531773569073	150	DecisionBody	POSITION	-51.19855	-0.8831177	158.0023
1531773569125	151	DecisionBody	POSITION	-51.19852	-0.8831024	157.9082
1531773569173	152	DecisionBody	POSITION	-51.19855	-0.8831177	157.7739
1531773569221	153	DecisionBody	POSITION	-51.19855	-0.8831177	157.6798
1531773569273	154	DecisionBody	POSITION	-51.19858	-0.8831177	157.5455
1531773569321	155	DecisionBody	POSITION	-51.19855	-0.8830414	157.4516
1531773569373	156	DecisionBody	POSITION	-51.19611	-0.8842926	157.3199
1531773569421	157	DecisionBody	POSITION	-51.19604	-0.8825531	157.2278
1531773569473	158	DecisionBody	POSITION	-51.1983	-0.8818512	157.0966
1531773569521	159	DecisionBody	POSITION	-51.19833	-0.8827972	157.0031
1531773569573	160	DecisionBody	POSITION	-51.20026	-0.8831177	156.8689
1531773569621	161	DecisionBody	POSITION	-51.20032	-0.8831024	156.7747
1531773569673	162	DecisionBody	POSITION	-51.20029	-0.8831024	156.6405
1531773569725	163	DecisionBody	POSITION	-51.20032	-0.8831024	156.5463
1531773569789	164	DecisionBody	POSITION	-51.20029	-0.8831024	156.4121
1531773569841	165	DecisionBody	POSITION	-51.20026	-0.8831177	156.2778
1531773569905	166	DecisionBody	POSITION	-51.20029	-0.8831024	156.1436
1531773569957	167	DecisionBody	POSITION	-51.20026	-0.8831177	156.0093
1531773570021	168	DecisionBody	POSITION	-51.20029	-0.8831024	155.875
1531773570073	169	DecisionBody	POSITION	-51.20029	-0.8831177	155.7408
1531773570141	170	DecisionBody	POSITION	-51.20029	-0.8831177	155.6065
1531773570189	171	DecisionBody	POSITION	-51.20032	-0.8831024	155.5124
1531773570258	172	DecisionBody	POSITION	-51.20154	-0.8824463	155.345
1531773570305	173	DecisionBody	POSITION	-51.20157	-0.8851471	155.2509
1531773570358	174	InfoGroup	CANVAS_GROUP_ALPHA	1
1531773570358	174	DecisionBody	POSITION	-51.20163	-0.8841553	155.12
1531773570405	175	DecisionBody	POSITION	-51.20065	-0.8813171	155.0287
1531773570458	176	DecisionBody	POSITION	-51.19989	-0.8830872	154.8954
1531773570505	177	DecisionBody	POSITION	-51.19882	-0.8831482	154.8013
1531773570557	178	DecisionBody	POSITION	-51.19849	-0.8831024	154.667
1531773570605	179	DecisionBody	POSITION	-51.19846	-0.8831024	154.5729
1531773570657	180	DecisionBody	POSITION	-51.19855	-0.8831177	154.4386
1531773570705	181	DecisionBody	POSITION	-51.19852	-0.8831024	154.3445
1531773570757	182	DecisionBody	POSITION	-51.19855	-0.8831177	154.2102
1531773570805	183	DecisionBody	POSITION	-51.19852	-0.8831024	154.1161
1531773570857	184	DecisionBody	POSITION	-51.19858	-0.8831177	153.9818
1531773570905	185	DecisionBody	POSITION	-51.19852	-0.8831024	153.8877
1531773570957	186	DecisionBody	POSITION	-51.19852	-0.8831177	153.7534
1531773571005	187	DecisionBody	POSITION	-51.19852	-0.8831024	153.6593
1531773571057	188	DecisionBody	POSITION	-51.19849	-0.8831024	153.5251
1531773571105	189	DecisionBody	POSITION	-51.19849	-0.8831024	153.4309
1531773571157	190	DecisionBody	POSITION	-51.1983	-0.8814087	153.3009
1531773571205	191	DecisionBody	POSITION	-51.19818	-0.8844147	153.2078
1531773571257	192	DecisionBody	POSITION	-51.19812	-0.8849335	153.0753
1531773571305	193	DecisionBody	POSITION	-51.19684	-0.880188	152.9837
1531773571358	194	DecisionBody	POSITION	-51.19913	-0.8832397	152.8494
1531773571405	195	DecisionBody	POSITION	-51.20004	-0.8831482	152.7553
1531773571457	196	DecisionBody	POSITION	-51.20035	-0.8831024	152.621
1531773571505	197	DecisionBody	POSITION	-51.20035	-0.8831024	152.5269
1531773571557	198	DecisionBody	POSITION	-51.20032	-0.8831024	152.3927
1531773571605	198	Joystick0	-0.1479242
1531773571606	199	CAM_SNEAKING	(-51.2, -0.9, 152.3)	0
1531773571607	199	PositiveFeedback	CANVAS_GROUP_ALPHA	1
1531773571607	199	DecisionBody	POSITION	-51.20035	-0.8831024	152.2985
1531773571657	200	InfoGroup	CANVAS_GROUP_ALPHA	0
1531773571657	200	DecisionBody	POSITION	-51.20032	-0.8831024	152.1643
1531773571704	201	DecisionBody	POSITION	-51.20035	-0.8831024	152.0701
1531773571757	202	DecisionBody	POSITION	-51.20032	-0.8831024	151.9359
1531773571805	203	DecisionBody	POSITION	-51.20035	-0.8831024	151.8417
1531773571857	204	DecisionBody	POSITION	-51.20032	-0.8831024	151.7075
1531773571905	205	DecisionBody	POSITION	-51.20035	-0.8831024	151.6133
1531773571957	206	DecisionBody	POSITION	-51.20059	-0.8802185	151.3884
1531773572009	207	DecisionBody	POSITION	-51.20181	-0.8714142	151.2323
1531773572057	208	DecisionBody	POSITION	-51.20071	-0.8770905	151.0079
1531773572109	209	DecisionBody	POSITION	-51.20032	-0.8823853	150.849
1531773572174	210	DecisionBody	POSITION	-51.20032	-0.8831024	150.5612
1531773572225	211	DecisionBody	POSITION	-51.20035	-0.8831024	150.409
1531773572273	212	DecisionBody	POSITION	-51.20032	-0.8831024	150.1919
1531773572325	213	DecisionBody	POSITION	-51.20035	-0.8831024	150.0397
1531773572373	214	DecisionBody	POSITION	-51.20032	-0.8831024	149.8226
1531773572425	215	DecisionBody	POSITION	-51.20035	-0.8831024	149.6704
1531773572489	216	DecisionBody	POSITION	-51.20032	-0.8831024	149.4533
1531773572541	217	DecisionBody	POSITION	-51.20193	-0.8766479	149.2434
1531773572605	218	DecisionBody	POSITION	-51.202	-0.8801422	149.0279
1531773572657	219	PositiveFeedback	CANVAS_GROUP_ALPHA	0
1531773572657	219	DecisionBody	POSITION	-51.19867	-0.875473	148.8148
1531773572705	220	DecisionBody	POSITION	-51.19861	-0.8822937	148.6626
1531773572757	221	DecisionBody	POSITION	-51.19849	-0.8831024	148.4454
1531773572805	222	DecisionBody	POSITION	-51.19852	-0.8831024	148.2932
1531773572857	223	DecisionBody	POSITION	-51.19855	-0.8831177	148.0761
1531773572909	224	DecisionBody	POSITION	-51.19849	-0.8831024	147.9239
1531773572957	225	DecisionBody	POSITION	-51.19852	-0.8831024	147.7068
1531773573004	226	DecisionBody	POSITION	-51.19852	-0.8831024	147.5546
1531773573057	227	DecisionBody	POSITION	-51.19858	-0.8831177	147.3375
1531773573125	228	DecisionBody	POSITION	-51.19727	-0.8733368	147.1235
1531773573173	229	DecisionBody	POSITION	-51.19922	-0.8796234	146.9093
1531773573225	230	DecisionBody	POSITION	-51.20056	-0.8763885	146.7585
1531773573273	231	DecisionBody	POSITION	-51.19897	-0.8830109	146.5414
1531773573325	232	DecisionBody	POSITION	-51.19858	-0.8831177	146.3892
1531773573373	233	DecisionBody	POSITION	-51.19855	-0.8831177	146.1721
1531773573425	234	DecisionBody	POSITION	-51.19855	-0.8831177	146.0199
1531773573473	235	DecisionBody	POSITION	-51.19855	-0.8831177	145.8028
1531773573525	236	DecisionBody	POSITION	-51.19849	-0.8831024	145.6506
1531773573573	237	DecisionBody	POSITION	-51.19852	-0.8831024	145.4335
1531773573624	238	DecisionBody	POSITION	-51.19855	-0.8831177	145.2813
1531773573673	239	DecisionBody	POSITION	-51.19617	-0.869873	145.0709
1531773573725	240	DecisionBody	POSITION	-51.19617	-0.8801117	144.9187
1531773573773	241	DecisionBody	POSITION	-51.19794	-0.8829803	144.7016
1531773573820	242	DecisionBody	POSITION	-51.19839	-0.8830872	144.5494
1531773573873	243	DecisionBody	POSITION	-51.19858	-0.8831177	144.3323
1531773573925	244	DecisionBody	POSITION	-51.19855	-0.8831177	144.1801
1531773573973	245	DecisionBody	POSITION	-51.19858	-0.8831177	143.963
1531773574025	246	DecisionBody	POSITION	-51.19855	-0.8831177	143.8108
1531773574073	247	DecisionBody	POSITION	-51.19852	-0.8831177	143.5937
1531773574125	248	DecisionBody	POSITION	-51.19855	-0.8831177	143.4415
1531773574173	249	DecisionBody	POSITION	-51.19684	-0.8733215	143.232
1531773574225	250	DecisionBody	POSITION	-51.19684	-0.8809967	143.0802
1531773574273	251	DecisionBody	POSITION	-51.19678	-0.8754578	142.8676
1531773574325	252	DecisionBody	POSITION	-51.19727	-0.8821259	142.7154
1531773574373	253	DecisionBody	POSITION	-51.1998	-0.8831482	142.4983
1531773574425	254	DecisionBody	POSITION	-51.20023	-0.8831177	142.3461
1531773574473	255	DecisionBody	POSITION	-51.20035	-0.8831024	142.129
1531773574525	256	DecisionBody	POSITION	-51.20035	-0.8831024	141.9768
1531773574573	257	DecisionBody	POSITION	-51.20032	-0.8831024	141.7597
1531773574620	258	DecisionBody	POSITION	-51.20038	-0.8831024	141.6075
1531773574673	259	DecisionBody	POSITION	-51.20053	-0.881073	141.3919
1531773574725	260	DecisionBody	POSITION	-51.1976	-0.8713989	141.2431
1531773574773	261	DecisionBody	POSITION	-51.19928	-0.8787079	141.0284
1531773574825	262	DecisionBody	POSITION	-51.20016	-0.8795624	140.877
1531773574873	263	DecisionBody	POSITION	-51.19852	-0.8830872	140.6599
1531773574925	264	DecisionBody	POSITION	-51.19849	-0.8831024	140.5077
1531773574973	265	DecisionBody	POSITION	-51.19852	-0.8831024	140.2906
1531773575025	266	DecisionBody	POSITION	-51.19852	-0.8831024	140.1384
1531773575073	267	DecisionBody	POSITION	-51.19852	-0.8831024	139.9213
1531773575125	268	DecisionBody	POSITION	-51.19852	-0.8831024	139.7691
1531773575173	269	DecisionBody	POSITION	-51.19852	-0.8831024	139.552
1531773575221	270	DecisionBody	POSITION	-51.19849	-0.8831024	139.3997
1531773575273	271	DecisionBody	POSITION	-51.19406	-0.869812	139.1888
1531773575325	272	DecisionBody	POSITION	-51.19406	-0.8800507	139.0366
1531773575373	273	DecisionBody	POSITION	-51.1969	-0.8801575	138.8214
1531773575420	274	DecisionBody	POSITION	-51.19748	-0.8828278	138.6692
1531773575473	275	DecisionBody	POSITION	-51.19858	-0.8831177	138.4521
1531773575525	276	DecisionBody	POSITION	-51.19849	-0.8831024	138.2999
1531773575573	277	DecisionBody	POSITION	-51.19852	-0.8831177	138.0828
1531773575620	278	DecisionBody	POSITION	-51.19852	-0.8831024	137.9306
1531773575673	279	DecisionBody	POSITION	-51.19855	-0.8831177	137.7135
1531773575725	280	DecisionBody	POSITION	-51.19852	-0.8831024	137.5613
1531773575773	281	DecisionBody	POSITION	-51.19794	-0.8773956	137.346
1531773575825	282	DecisionBody	POSITION	-51.19708	-0.8799591	137.1944
1531773575873	283	DecisionBody	POSITION	-51.19736	-0.8769531	136.98
1531773575925	284	DecisionBody	POSITION	-51.198	-0.8825226	136.8278
1531773575973	285	DecisionBody	POSITION	-51.20023	-0.8831177	136.6107
1531773576020	286	DecisionBody	POSITION	-51.20032	-0.8831024	136.4585
1531773576073	287	DecisionBody	POSITION	-51.20032	-0.8831024	136.2414
1531773576120	288	DecisionBody	POSITION	-51.20035	-0.8831024	136.0892
1531773576173	289	DecisionBody	POSITION	-51.20032	-0.8831024	135.8721
1531773576225	290	DecisionBody	POSITION	-51.20035	-0.8831024	135.7198
1531773576273	291	DecisionBody	POSITION	-51.20032	-0.8831024	135.5027
1531773576325	292	DecisionBody	POSITION	-51.2002	-0.8772278	135.3528
1531773576373	293	DecisionBody	POSITION	-51.2019	-0.8794708	135.1375
1531773576425	294	DecisionBody	POSITION	-51.20032	-0.8765717	134.9874
1531773576473	295	DecisionBody	POSITION	-51.20062	-0.8829346	134.7702
1531773576525	296	DecisionBody	POSITION	-51.20041	-0.8830872	134.618
1531773576573	297	DecisionBody	POSITION	-51.20032	-0.8831024	134.4009
1531773576625	298	DecisionBody	POSITION	-51.20035	-0.8831024	134.2487
1531773576673	299	DecisionBody	POSITION	-51.20032	-0.8831024	134.0316
1531773576725	300	DecisionBody	POSITION	-51.20035	-0.8831024	133.8794
1531773576773	301	DecisionBody	POSITION	-51.20032	-0.8831024	133.6623
1531773576825	302	DecisionBody	POSITION	-51.20035	-0.8831024	133.5101
1531773576873	303	DecisionBody	POSITION	-51.19971	-0.876358	133.2973
1531773576925	304	DecisionBody	POSITION	-51.19971	-0.8792877	133.1466
1531773576973	305	DecisionBody	POSITION	-51.19772	-0.8790741	132.9339
1531773577025	306	DecisionBody	POSITION	-51.19861	-0.8829498	132.7817
1531773577073	307	DecisionBody	POSITION	-51.20035	-0.8831024	132.5646
1531773577125	308	DecisionBody	POSITION	-51.20032	-0.8831024	132.4124
1531773577173	309	DecisionBody	POSITION	-51.20029	-0.8831024	132.1953
1531773577225	310	DecisionBody	POSITION	-51.20032	-0.8831024	132.0431
1531773577273	311	DecisionBody	POSITION	-51.20029	-0.8831024	131.826
1531773577325	312	DecisionBody	POSITION	-51.20032	-0.8831024	131.6738
1531773577373	313	DecisionBody	POSITION	-51.20029	-0.8831024	131.4567
1531773577425	314	DecisionBody	POSITION	-51.19986	-0.8713074	131.309
1531773577473	315	DecisionBody	POSITION	-51.20023	-0.8801422	131.0937
1531773577525	316	DecisionBody	POSITION	-51.20181	-0.8744659	130.9436
1531773577573	317	DecisionBody	POSITION	-51.20023	-0.8829041	130.7265
1531773577625	318	DecisionBody	POSITION	-51.19904	-0.8831635	130.5743
1531773577672	319	DecisionBody	POSITION	-51.19846	-0.8831024	130.3572
1531773577725	320	DecisionBody	POSITION	-51.19846	-0.8831024	130.205
1531773577773	321	DecisionBody	POSITION	-51.19852	-0.8831177	129.9879
1531773577824	322	PHASE_1_MOVE	ENDED
1531773577824	322	DECISION_EVENT	True
1531773579625	358	DecisionBody	POSITION	-51.19855	-0.8831177	129.9275
1531773579673	359	DecisionBody	POSITION	-51.19009	-0.8818817	129.7147
1531773579725	360	DecisionBody	POSITION	-51.17322	-0.8792877	129.5094
1531773579773	361	DecisionBody	POSITION	-51.12646	-0.8566284	129.1333
1531773579825	362	DecisionBody	POSITION	-51.07507	-0.8443604	128.8484
1531773579873	363	DecisionBody	POSITION	-51.00696	-0.853302	128.493
1531773579925	364	DecisionBody	POSITION	-50.97217	-0.8599701	128.3129
1531773579973	365	DecisionBody	POSITION	-50.93192	-0.8575745	128.1116
1531773580025	366	DecisionBody	POSITION	-50.91138	-0.8625336	128.0108
1531773580073	367	DecisionBody	POSITION	-50.8876	-0.8652344	127.8943
1531773580125	368	DecisionBody	POSITION	-50.87549	-0.8652496	127.8348
1531773580172	369	DecisionBody	POSITION	-50.86145	-0.8652496	127.766
1531773580225	370	DecisionBody	POSITION	-50.85428	-0.8652496	127.7309
1531773580273	371	DecisionBody	POSITION	-50.84601	-0.8647919	127.6907
1531773580324	372	DecisionBody	POSITION	-50.84177	-0.8652344	127.6704
1531773580425	374	DecisionBody	POSITION	-50.84177	-0.8653717	127.6702
1531773580472	375	DecisionBody	POSITION	-50.84177	-0.865387	127.6694
1531773580525	376	DecisionBody	POSITION	-50.84177	-0.8654022	127.6687
1531773580573	377	DecisionBody	POSITION	-50.84177	-0.865448	127.6672
1531773580625	378	DecisionBody	POSITION	-50.84177	-0.8654633	127.666
1531773580672	379	DecisionBody	POSITION	-50.84177	-0.8655243	127.6643
1531773580724	380	DecisionBody	POSITION	-50.84177	-0.8655548	127.6632
1531773580773	381	DecisionBody	POSITION	-50.84177	-0.8656158	127.6614
1531773580825	382	DecisionBody	POSITION	-50.84177	-0.8656616	127.6602
1531773580873	383	DecisionBody	POSITION	-50.84177	-0.8657532	127.6583
1531773580924	384	DecisionBody	POSITION	-50.84177	-0.8658142	127.657
1531773580973	385	DecisionBody	POSITION	-50.84177	-0.8659058	127.6548
1531773581025	386	DecisionBody	POSITION	-50.78448	-0.8670349	127.6286
1531773581072	387	DecisionBody	POSITION	-50.58536	-0.8720093	127.5424
1531773581124	388	DecisionBody	POSITION	-50.3956	-0.8454742	127.4784
1531773581172	389	DecisionBody	POSITION	-50.14899	-0.8391876	127.4011
1531773581224	390	DecisionBody	POSITION	-50.02295	-0.8524628	127.3615
1531773581273	391	DecisionBody	POSITION	-49.75616	-0.8651581	127.3159
1531773581324	392	DecisionBody	POSITION	-49.51993	-0.8652496	127.2819
1531773581373	393	DecisionBody	POSITION	-49.20126	-0.8652496	127.1183
1531773581425	394	DecisionBody	POSITION	-49.04126	-0.8560486	126.9352
1531773581473	395	DecisionBody	POSITION	-48.89005	-0.8646088	126.5788
1531773581524	396	DecisionBody	POSITION	-48.83875	-0.8542938	126.3024
1531773581573	397	DecisionBody	POSITION	-48.80026	-0.8443909	125.8399
1531773581625	398	DecisionBody	POSITION	-48.78448	-0.8558197	125.503
1531773581673	399	DecisionBody	POSITION	-48.74612	-0.8651733	124.9666
1531773581725	400	DecisionBody	POSITION	-48.71048	-0.8652496	124.593
1531773581773	401	DecisionBody	POSITION	-48.65216	-0.8652496	124.0134
1531773581824	402	DecisionBody	POSITION	-48.61005	-0.8149414	123.6302
1531773581872	403	DecisionBody	POSITION	-48.53571	-0.7811432	123.0407
1531773581925	404	DecisionBody	POSITION	-48.47009	-0.7803497	122.6428
1531773581972	405	DecisionBody	POSITION	-48.38513	-0.8037872	122.1569
1531773582024	406	DecisionBody	POSITION	-48.34171	-0.8322449	121.9086
1531773582072	407	DecisionBody	POSITION	-48.18311	-0.8523254	121.5709
1531773582125	408	DecisionBody	POSITION	-48.01508	-0.8510895	121.3548
1531773582173	409	DecisionBody	POSITION	-47.68451	-0.8535461	121.0525
1531773582224	410	DecisionBody	POSITION	-47.47989	-0.8492584	120.8896
1531773582272	411	DecisionBody	POSITION	-47.2435	-0.8640442	120.7013
1531773582324	412	DecisionBody	POSITION	-47.12268	-0.8652039	120.6051
1531773582373	413	DecisionBody	POSITION	-46.98309	-0.8639832	120.4952
1531773582424	414	DecisionBody	POSITION	-46.91174	-0.8667603	120.4394
1531773582472	415	DecisionBody	POSITION	-46.82932	-0.8750763	120.3746
1531773582524	416	DecisionBody	POSITION	-46.7872	-0.8752441	120.3414
1531773582572	417	DecisionBody	POSITION	-46.74899	-0.8589783	120.1913
1531773582624	418	DecisionBody	POSITION	-46.75467	-0.8579407	120.0199
1531773582672	419	DecisionBody	POSITION	-46.81018	-0.8532562	119.6833
1531773582724	420	DecisionBody	POSITION	-46.88147	-0.8473206	119.424
1531773582773	421	DecisionBody	POSITION	-46.94653	-0.8532104	119.1988
1531773582827	422	DecisionBody	POSITION	-46.93903	-0.843811	119.2556
1531773582873	423	DecisionBody	POSITION	-46.93906	-0.843811	119.2609
1531773582925	424	DecisionBody	POSITION	-46.93909	-0.8438263	119.2609
1531773583524	436	DecisionBody	POSITION	-46.93918	-0.8438568	119.2609
1531773583573	437	DecisionBody	POSITION	-47.04901	-0.8618622	119.2609
1531773583624	438	DecisionBody	POSITION	-47.20047	-0.8651276	119.2609
1531773583673	439	DecisionBody	POSITION	-47.51855	-0.8652496	119.2609
1531773583725	440	DecisionBody	POSITION	-47.7738	-0.8652496	119.2609
1531773583773	441	DecisionBody	POSITION	-48.09344	-0.8652496	119.2609
1531773583825	442	DecisionBody	POSITION	-48.2554	-0.8585663	119.2609
1531773583873	443	DecisionBody	POSITION	-48.37238	-0.8296967	119.2609
1531773583925	444	DecisionBody	POSITION	-48.34354	-0.8191223	119.2609
1531773583973	445	DecisionBody	POSITION	-48.19232	-0.8323364	119.2609
1531773584025	446	DecisionBody	POSITION	-48.02499	-0.8587189	119.2609
1531773584073	447	DecisionBody	POSITION	-47.68292	-0.8652039	119.2609
1531773584125	448	DecisionBody	POSITION	-47.46997	-0.8652496	119.2609
1531773584173	449	DecisionBody	POSITION	-47.10275	-0.8652496	119.2609
1531773584224	450	DecisionBody	POSITION	-46.87689	-0.8652496	119.2609
1531773584273	451	DecisionBody	POSITION	-46.61597	-0.8652496	119.2609
1531773584325	452	DecisionBody	POSITION	-46.4826	-0.8652496	119.2609
1531773584373	453	DecisionBody	POSITION	-46.32852	-0.8652496	119.2609
1531773584425	454	DecisionBody	POSITION	-46.24969	-0.8663025	119.2609
1531773584473	455	DecisionBody	POSITION	-46.1622	-0.8654785	119.2609
1531773584524	456	DecisionBody	POSITION	-46.12332	-0.8652344	119.2609
1531773584924	464	DECISION_EVENT	False
1531773584924	464	PLAYER_DECISION	PHASE_1	CHOICE	LEFT
1531773584925	464	PHASE_2_MOVE	STARTED
1531773584927	464	DecisionBody	POSITION	-46.14624	-0.8739471	119.2662
1531773584956	465	DecisionBody	POSITION	-46.16064	-0.8794098	119.2695
1531773584988	466	DecisionBody	POSITION	-46.1752	-0.8849487	119.2729
1531773585024	467	DecisionBody	POSITION	-46.19165	-0.8911896	119.2767
1531773585056	468	DecisionBody	POSITION	-46.20599	-0.896637	119.28
1531773585088	469	DecisionBody	POSITION	-46.22052	-0.9021606	119.2834
1531773585124	470	DecisionBody	POSITION	-46.237	-0.9084167	119.2872
1531773585156	471	DecisionBody	POSITION	-46.2515	-0.9139252	119.2906
1531773585187	472	DecisionBody	POSITION	-46.26587	-0.9193726	119.2939
1531773585208	473	DecisionBody	POSITION	-46.27509	-0.9228821	119.296
1531773585240	474	DecisionBody	POSITION	-46.28961	-0.9284058	119.2994
1531773585272	475	DecisionBody	POSITION	-46.30399	-0.9338684	119.3027
1531773585308	476	DecisionBody	POSITION	-46.32053	-0.940155	119.3066
1531773585340	477	DecisionBody	POSITION	-46.33496	-0.9456329	119.3099
1531773585372	478	DecisionBody	POSITION	-46.34933	-0.9510956	119.3132
1531773585407	479	DecisionBody	POSITION	-46.36569	-0.9573059	119.317
1531773585440	480	DecisionBody	POSITION	-46.38028	-0.9628448	119.3204
1531773585472	481	DecisionBody	POSITION	-46.39481	-0.9683685	119.3237
1531773585508	482	DecisionBody	POSITION	-46.41129	-0.9746246	119.3276
1531773585540	483	DecisionBody	POSITION	-46.42575	-0.9801178	119.3309
1531773585572	484	DecisionBody	POSITION	-46.44016	-0.9855804	119.3342
1531773585603	485	DecisionBody	POSITION	-46.45462	-0.9910736	119.3376
1531773585624	486	DecisionBody	POSITION	-46.4639	-0.9946136	119.3397
1531773585656	487	DecisionBody	POSITION	-46.47827	-1.000076	119.3431
1531773585687	488	DecisionBody	POSITION	-46.49271	-1.005554	119.3464
1531773585724	489	DecisionBody	POSITION	-46.50912	-1.011795	119.3502
1531773585756	490	DecisionBody	POSITION	-46.52368	-1.017319	119.3536
1531773585787	491	DecisionBody	POSITION	-46.53815	-1.022812	119.3569
1531773585824	492	DecisionBody	POSITION	-46.55463	-1.029068	119.3607
1531773585856	493	DecisionBody	POSITION	-46.56903	-1.034546	119.3641
1531773585887	494	DecisionBody	POSITION	-46.5835	-1.040039	119.3674
1531773585924	495	DecisionBody	POSITION	-46.60004	-1.046326	119.3713
1531773585956	496	DecisionBody	POSITION	-46.6145	-1.051819	119.3746
1531773585987	497	DecisionBody	POSITION	-46.62888	-1.057281	119.3779
1531773586024	498	DecisionBody	POSITION	-46.64532	-1.063522	119.3817
1531773586056	499	DecisionBody	POSITION	-46.65973	-1.069	119.3851
1531773586087	500	DecisionBody	POSITION	-46.67432	-1.074539	119.3885
1531773586124	501	DecisionBody	POSITION	-46.69067	-1.08075	119.3922
1531773586156	502	DecisionBody	POSITION	-46.7052	-1.086273	119.3956
1531773586187	503	DecisionBody	POSITION	-46.71967	-1.091766	119.3989
1531773586224	504	DecisionBody	POSITION	-46.73627	-1.098068	119.4028
1531773586256	505	DecisionBody	POSITION	-46.75058	-1.103516	119.4061
1531773586288	506	DecisionBody	POSITION	-46.76514	-1.109039	119.4095
1531773586324	507	DecisionBody	POSITION	-46.78149	-1.11525	119.4133
1531773586356	508	DecisionBody	POSITION	-46.79599	-1.120758	119.4166
1531773586387	509	DecisionBody	POSITION	-46.81036	-1.126221	119.42
1531773586423	510	DecisionBody	POSITION	-46.82672	-1.132431	119.4237
1531773586456	511	DecisionBody	POSITION	-46.84137	-1.137985	119.4271
1531773586487	512	DecisionBody	POSITION	-46.85587	-1.143494	119.4305
1531773586524	513	DecisionBody	POSITION	-46.87225	-1.149734	119.4343
1531773586556	514	DecisionBody	POSITION	-46.88675	-1.155228	119.4376
1531773586587	515	DecisionBody	POSITION	-46.90118	-1.160706	119.441
1531773586624	516	DecisionBody	POSITION	-46.91766	-1.166977	119.4448
1531773586656	517	DecisionBody	POSITION	-46.93207	-1.172455	119.4481
1531773586687	518	DecisionBody	POSITION	-46.94656	-1.177948	119.4515
1531773586724	519	DecisionBody	POSITION	-46.96286	-1.184143	119.4553
1531773586756	520	DecisionBody	POSITION	-46.97739	-1.189667	119.4586
1531773586787	521	DecisionBody	POSITION	-46.99197	-1.195206	119.462
1531773586824	522	DecisionBody	POSITION	-47.00848	-1.201477	119.4658
1531773586856	523	DecisionBody	POSITION	-47.02283	-1.206924	119.4691
1531773586887	524	DecisionBody	POSITION	-47.03094	-1.210007	119.471
1531773586924	525	DecisionBody	POSITION	-47.06339	-0.8779449	119.4465
1531773586956	526	DecisionBody	POSITION	-47.03094	-1.210007	119.3923
1531773586987	527	DecisionBody	POSITION	-47.03094	-1.210007	119.3155
1531773587024	528	DecisionBody	POSITION	-47.03094	-1.210007	119.2268
1531773587056	529	DecisionBody	POSITION	-47.03094	-1.210007	119.1495
1531773587092	530	DecisionBody	POSITION	-47.03094	-1.210007	119.0617
1531773587124	531	DecisionBody	POSITION	-47.03094	-1.210007	118.9838
1531773587156	532	DecisionBody	POSITION	-47.03094	-1.210007	118.9064
1531773587188	533	DecisionBody	POSITION	-47.03094	-1.210007	118.8292
1531773587225	534	DecisionBody	POSITION	-47.03094	-1.210007	118.7406
1531773587256	535	DecisionBody	POSITION	-47.03094	-1.210007	118.6634
1531773587293	536	DecisionBody	POSITION	-47.03094	-1.210007	118.5747
1531773587324	537	DecisionBody	POSITION	-47.03094	-1.210007	118.4974
1531773587356	538	DecisionBody	POSITION	-47.03094	-1.210007	118.4203
1531773587387	539	DecisionBody	POSITION	-47.03094	-1.210007	118.343
1531773587425	540	DecisionBody	POSITION	-47.03094	-1.210007	118.2545
1531773587456	541	DecisionBody	POSITION	-47.03094	-1.210007	118.1769
1531773587488	542	DecisionBody	POSITION	-47.03094	-1.210007	118.0995
1531773587525	543	DecisionBody	POSITION	-47.03094	-1.210007	118.0112
1531773587556	544	DecisionBody	POSITION	-47.03094	-1.210007	117.9339
1531773587592	545	DecisionBody	POSITION	-47.03094	-1.210007	117.8461
1531773587624	546	DecisionBody	POSITION	-47.03094	-1.210007	117.7681
1531773587656	547	DecisionBody	POSITION	-47.03094	-1.210007	117.6908
1531773587693	548	DecisionBody	POSITION	-47.03094	-1.210007	117.6024
1531773587723	549	DecisionBody	POSITION	-47.03094	-1.210007	117.5256
1531773587756	550	DecisionBody	POSITION	-47.03094	-1.210007	117.4476
1531773587792	551	DecisionBody	POSITION	-47.03094	-1.210007	117.3595
1531773587824	552	DecisionBody	POSITION	-47.03094	-1.210007	117.2816
1531773587856	553	DecisionBody	POSITION	-47.03094	-1.210007	117.2045
1531773587892	554	DecisionBody	POSITION	-47.03094	-1.210007	117.1161
1531773587924	555	DecisionBody	POSITION	-47.03094	-1.210007	117.039
1531773587956	556	DecisionBody	POSITION	-47.03094	-1.210007	116.9608
1531773587987	557	DecisionBody	POSITION	-47.03094	-1.210007	116.8839
1531773588024	558	DecisionBody	POSITION	-47.03094	-1.210007	116.7955
1531773588056	559	DecisionBody	POSITION	-47.03094	-1.210007	116.7184
1531773588087	560	DecisionBody	POSITION	-47.03094	-1.210007	116.6406
1531773588124	561	DecisionBody	POSITION	-47.03094	-1.210007	116.5525
1531773588156	562	DecisionBody	POSITION	-47.03094	-1.210007	116.4751
1531773588187	563	DecisionBody	POSITION	-47.03094	-1.210007	116.3978
1531773588224	564	DecisionBody	POSITION	-47.03094	-1.210007	116.3093
1531773588255	565	DecisionBody	POSITION	-47.03094	-1.210007	116.2322
1531773588292	566	DecisionBody	POSITION	-47.03094	-1.210007	116.1439
1531773588323	567	DecisionBody	POSITION	-47.03094	-1.210007	116.0664
1531773588356	568	DecisionBody	POSITION	-47.03094	-1.210007	115.9889
1531773588392	569	DecisionBody	POSITION	-47.03094	-1.210007	115.9006
1531773588423	570	DecisionBody	POSITION	-47.03094	-1.210007	115.8233
1531773588456	571	DecisionBody	POSITION	-47.03094	-1.210007	115.7455
1531773588492	572	DecisionBody	POSITION	-47.03094	-1.210007	115.6574
1531773588524	573	DecisionBody	POSITION	-47.03094	-1.210007	115.58
1531773588556	574	DecisionBody	POSITION	-47.03094	-1.210007	115.5024
1531773588587	575	DecisionBody	POSITION	-47.03094	-1.210007	115.4249
1531773588624	576	DecisionBody	POSITION	-47.03094	-1.210007	115.3368
1531773588656	577	DecisionBody	POSITION	-47.03094	-1.210007	115.2594
1531773588692	578	DecisionBody	POSITION	-47.03094	-1.210007	115.1709
1531773588723	579	DecisionBody	POSITION	-47.03094	-1.210007	115.0943
1531773588756	580	DecisionBody	POSITION	-47.03094	-1.210007	115.0163
1531773588787	581	DecisionBody	POSITION	-47.03094	-1.210007	114.9386
1531773588824	582	DecisionBody	POSITION	-47.03094	-1.210007	114.851
1531773588856	583	DecisionBody	POSITION	-47.03094	-1.210007	114.7734
1531773588892	584	DecisionBody	POSITION	-47.03094	-1.210007	114.6855
1531773588923	585	DecisionBody	POSITION	-47.03094	-1.210007	114.608
1531773588956	586	DecisionBody	POSITION	-47.03094	-1.085205	114.608
1531773589026	588	DecisionBody	POSITION	-47.02966	-1.085999	114.3775
1531773589056	589	DecisionBody	POSITION	-47.02835	-1.086792	114.1469
1531773589092	590	DecisionBody	POSITION	-47.02689	-1.087708	113.8832
1531773589123	591	DecisionBody	POSITION	-47.02557	-1.088501	113.6523
1531773589156	592	DecisionBody	POSITION	-47.02429	-1.089294	113.422
1531773589192	593	DecisionBody	POSITION	-47.02283	-1.090195	113.1599
1531773589223	594	DecisionBody	POSITION	-47.02155	-1.090988	112.9292
1531773589256	595	DecisionBody	POSITION	-47.02023	-1.091797	112.6973
1531773589292	596	DecisionBody	POSITION	-47.01877	-1.092697	112.4352
1531773589323	597	DecisionBody	POSITION	-47.01749	-1.093475	112.2069
1531773589356	598	DecisionBody	POSITION	-47.01617	-1.094284	111.9744
1531773589388	599	DecisionBody	POSITION	-47.01489	-1.095078	111.743
1531773589424	600	DecisionBody	POSITION	-47.01343	-1.095978	111.4823
1531773589456	601	DecisionBody	POSITION	-47.01212	-1.096786	111.2499
1531773589492	602	DecisionBody	POSITION	-47.01065	-1.097672	110.99
1531773589523	603	DecisionBody	POSITION	-47.00937	-1.09848	110.7584
1531773589556	604	DecisionBody	POSITION	-47.00806	-1.099274	110.5257
1531773589591	605	DecisionBody	POSITION	-47.00659	-1.100174	110.2659
1531773589624	606	DecisionBody	POSITION	-47.00528	-1.100983	110.0312
1531773589656	607	DecisionBody	POSITION	-47.004	-1.101776	109.8014
1531773589692	608	DecisionBody	POSITION	-47.00253	-1.102676	109.5395
1531773589723	609	DecisionBody	POSITION	-47.00125	-1.10347	109.3106
1531773589756	610	DecisionBody	POSITION	-46.99994	-1.104263	109.078
1531773589792	611	DecisionBody	POSITION	-46.99847	-1.105164	108.8173
1531773589823	612	DecisionBody	POSITION	-46.99716	-1.105972	108.5839
1531773589856	613	DecisionBody	POSITION	-46.99588	-1.106766	108.3539
1531773589892	614	DecisionBody	POSITION	-46.99442	-1.107666	108.0921
1531773589923	615	DecisionBody	POSITION	-46.9931	-1.108459	107.8605
1531773589955	616	DecisionBody	POSITION	-46.99182	-1.109253	107.6296
1531773589972	617	DecisionBody	POSITION	-46.99115	-1.10968	107.5088
1531773590007	618	DecisionBody	POSITION	-46.98972	-1.11055	107.2531
1531773590040	619	DecisionBody	POSITION	-46.9884	-1.111359	107.0204
1531773590072	620	DecisionBody	POSITION	-46.98712	-1.112152	106.7893
1531773590107	621	DecisionBody	POSITION	-46.98566	-1.113052	106.5292
1531773590140	622	DecisionBody	POSITION	-46.98434	-1.113846	106.297
1531773590171	623	DecisionBody	POSITION	-46.98306	-1.114655	106.0657
1531773590207	624	DecisionBody	POSITION	-46.9816	-1.115555	105.804
1531773590239	625	DecisionBody	POSITION	-46.98029	-1.116348	105.5734
1531773590272	626	DecisionBody	POSITION	-46.979	-1.117142	105.3408
1531773590308	627	InfoGroup	CANVAS_GROUP_ALPHA	1
1531773590308	627	DecisionBody	POSITION	-46.97754	-1.118042	105.0804
1531773590340	628	DecisionBody	POSITION	-46.97623	-1.118851	104.8477
1531773590376	629	DecisionBody	POSITION	-46.97476	-1.119751	104.5852
1531773590407	630	DecisionBody	POSITION	-46.97345	-1.120544	104.3554
1531773590440	631	DecisionBody	POSITION	-46.97217	-1.121338	104.1239
1531773590471	632	DecisionBody	POSITION	-46.97089	-1.122131	103.8929
1531773590492	633	DecisionBody	POSITION	-46.97003	-1.12265	103.7448
1531773590523	634	DecisionBody	POSITION	-46.96875	-1.123428	103.5164
1531773590540	635	DecisionBody	POSITION	-46.96808	-1.123856	103.3956
1531773590571	636	DecisionBody	POSITION	-46.96683	-1.124634	103.1692
1531773590592	637	DecisionBody	POSITION	-46.966	-1.125137	103.0218
1531773590623	638	DecisionBody	POSITION	-46.96469	-1.125931	102.7906
1531773590656	639	DecisionBody	POSITION	-46.96341	-1.126724	102.5594
1531773590687	640	DecisionBody	POSITION	-46.9621	-1.127518	102.3294
1531773590708	641	DecisionBody	POSITION	-46.96127	-1.128036	102.1805
1531773590740	642	DecisionBody	POSITION	-46.95999	-1.12883	101.9506
1531773590771	643	DecisionBody	POSITION	-46.95868	-1.129623	101.7206
1531773590808	644	DecisionBody	POSITION	-46.95721	-1.130524	101.4573
1531773590840	645	DecisionBody	POSITION	-46.95593	-1.131332	101.2263
1531773590871	646	DecisionBody	POSITION	-46.95465	-1.132111	100.9975
1531773590887	647	DecisionBody	POSITION	-46.95398	-1.132538	100.8768
1531773590907	648	DecisionBody	POSITION	-46.95316	-1.133026	100.7336
1531773590924	649	DecisionBody	POSITION	-46.95248	-1.133438	100.6126
1531773590955	650	DecisionBody	POSITION	-46.95123	-1.134216	100.389
1531773590972	651	DecisionBody	POSITION	-46.95056	-1.134628	100.2685
1531773591007	652	DecisionBody	POSITION	-46.9491	-1.135513	100.0107
1531773591040	653	DecisionBody	POSITION	-46.94781	-1.136322	99.77818
1531773591071	654	DecisionBody	POSITION	-46.9465	-1.137115	99.54745
1531773591087	655	DecisionBody	POSITION	-46.94583	-1.137527	99.42666
1531773591107	656	DecisionBody	POSITION	-46.94504	-1.138016	99.28471
1531773591140	657	DecisionBody	POSITION	-46.94376	-1.138809	99.05422
1531773591171	658	DecisionBody	POSITION	-46.94244	-1.139603	98.82386
1531773591187	659	DecisionBody	POSITION	-46.94177	-1.14003	98.70318
1531773591207	660	DecisionBody	POSITION	-46.94098	-1.140518	98.56036
1531773591240	661	DecisionBody	POSITION	-46.9397	-1.141312	98.3304
1531773591256	662	DecisionBody	POSITION	-46.93903	-1.141724	98.20957
1531773591287	663	DecisionBody	POSITION	-46.93774	-1.142502	97.98392
1531773591307	664	DecisionBody	POSITION	-46.93692	-1.143005	97.83775
1531773591324	665	DecisionBody	POSITION	-46.93625	-1.143417	97.717
1531773591341	666	DecisionBody	POSITION	-46.93558	-1.143829	97.59662
1531773591371	667	DecisionBody	POSITION	-46.93433	-1.144592	97.37541
1531773591387	668	DecisionBody	POSITION	-46.93365	-1.14502	97.25481
1531773591407	669	DecisionBody	POSITION	-46.93286	-1.145508	97.11175
1531773591440	670	DecisionBody	POSITION	-46.93158	-1.146301	96.8822
1531773591456	671	DecisionBody	POSITION	-46.93091	-1.146713	96.76125
1531773591492	672	DecisionBody	POSITION	-46.92944	-1.147598	96.50359
1531773591523	673	DecisionBody	POSITION	-46.92816	-1.148392	96.27305
1531773591555	674	DecisionBody	POSITION	-46.92688	-1.149185	96.04304
1531773591572	675	DecisionBody	POSITION	-46.92618	-1.149612	95.9222
1531773591588	676	DecisionBody	POSITION	-46.92551	-1.150024	95.80173
1531773591607	677	DecisionBody	POSITION	-46.92477	-1.150482	95.6679
1531773591640	678	DecisionBody	POSITION	-46.92346	-1.151291	95.4343
1531773591657	679	DecisionBody	POSITION	-46.92279	-1.151703	95.31374
1531773591692	680	DecisionBody	POSITION	-46.92133	-1.152603	95.05478
1531773591708	681	DecisionBody	POSITION	-46.92065	-1.153015	94.93389
1531773591725	682	DecisionBody	POSITION	-46.91998	-1.153427	94.81335
1531773591741	683	DecisionBody	POSITION	-46.91931	-1.153839	94.69285
1531773591772	684	DecisionBody	POSITION	-46.91809	-1.154587	94.47757
1531773591792	685	DecisionBody	POSITION	-46.91727	-1.15509	94.33057
1531773591823	686	DecisionBody	POSITION	-46.91599	-1.155884	94.10062
1531773591840	687	DecisionBody	POSITION	-46.91528	-1.156296	93.97957
1531773591857	688	DecisionBody	POSITION	-46.91461	-1.156723	93.85923
1531773591874	689	InfoGroup	CANVAS_GROUP_ALPHA	0
1531773591874	689	DecisionBody	POSITION	-46.91394	-1.157135	93.73997
1531773591892	690	DecisionBody	POSITION	-46.91321	-1.157593	93.60633
1531773591923	691	DecisionBody	POSITION	-46.91193	-1.158386	93.37608
1531773591955	692	DecisionBody	POSITION	-46.91064	-1.15918	93.14682
1531773591972	693	DecisionBody	POSITION	-46.90994	-1.159592	93.02621
1531773591992	694	DecisionBody	POSITION	-46.90915	-1.16008	92.88253
1531773592008	695	DecisionBody	POSITION	-46.90848	-1.160507	92.76167
1531773592039	696	DecisionBody	POSITION	-46.90723	-1.16127	92.53747
1531773592056	697	DecisionBody	POSITION	-46.90652	-1.161682	92.41706
1531773592092	698	DecisionBody	POSITION	-46.90509	-1.162582	92.15862
1531773592108	699	DecisionBody	POSITION	-46.90442	-1.162994	92.03815
1531773592125	700	DecisionBody	POSITION	-46.90375	-1.163406	91.9173
1531773592141	701	DecisionBody	POSITION	-46.90305	-1.163834	91.79651
1531773592171	702	DecisionBody	POSITION	-46.90186	-1.164566	91.58186
1531773592192	703	DecisionBody	POSITION	-46.90103	-1.16507	91.43423
1531773592223	704	DecisionBody	POSITION	-46.89972	-1.165863	91.20368
1531773592240	705	DecisionBody	POSITION	-46.89905	-1.16629	91.08257
1531773592257	706	DecisionBody	POSITION	-46.89838	-1.166702	90.96218
1531773592273	707	DecisionBody	POSITION	-46.89771	-1.167114	90.84163
1531773592291	708	DecisionBody	POSITION	-46.89697	-1.167572	90.71097
1531773592323	709	DecisionBody	POSITION	-46.89569	-1.168365	90.47965
1531773592340	710	DecisionBody	POSITION	-46.89499	-1.168777	90.35901
1531773592357	711	DecisionBody	POSITION	-46.89432	-1.169205	90.23811
1531773592373	712	DecisionBody	POSITION	-46.89365	-1.169617	90.1179
1531773592392	713	DecisionBody	POSITION	-46.89291	-1.170074	89.98547
1531773592408	714	DecisionBody	POSITION	-46.89221	-1.170486	89.86434
1531773592439	715	DecisionBody	POSITION	-46.89099	-1.171249	89.64156
1531773592456	716	DecisionBody	POSITION	-46.89029	-1.171677	89.5211
1531773592487	717	DecisionBody	POSITION	-46.88904	-1.172455	89.29397
1531773592507	718	DecisionBody	POSITION	-46.88821	-1.172958	89.14935
1531773592524	719	DecisionBody	POSITION	-46.88754	-1.17337	89.02851
1531773592540	720	DecisionBody	POSITION	-46.88687	-1.173782	88.90854
1531773592557	721	DecisionBody	POSITION	-46.8862	-1.174194	88.78761
1531773592573	722	DecisionBody	POSITION	-46.88553	-1.174606	88.66814
1531773592591	723	DecisionBody	POSITION	-46.8848	-1.175064	88.5374
1531773592608	724	DecisionBody	POSITION	-46.88409	-1.175476	88.41651
1531773592639	725	DecisionBody	POSITION	-46.88284	-1.176254	88.19222
1531773592656	726	DecisionBody	POSITION	-46.88217	-1.176666	88.07153
1531773592675	727	DecisionBody	POSITION	-46.88138	-1.177155	87.92973
1531773592692	728	DecisionBody	POSITION	-46.88071	-1.177567	87.80893
1531773592723	729	DecisionBody	POSITION	-46.87943	-1.178345	87.58231
1531773592740	730	DecisionBody	POSITION	-46.87875	-1.178772	87.46133
1531773592757	731	DecisionBody	POSITION	-46.87808	-1.179184	87.34089
1531773592773	732	DecisionBody	POSITION	-46.87741	-1.179596	87.22154
1531773592790	733	DecisionBody	POSITION	-46.87671	-1.180023	87.0995
1531773592807	734	DecisionBody	POSITION	-46.87604	-1.18045	86.97491
1531773592824	735	DecisionBody	POSITION	-46.87534	-1.180862	86.85409
1531773592841	736	DecisionBody	POSITION	-46.87466	-1.181274	86.73383
1531773592857	737	DecisionBody	POSITION	-46.87399	-1.181686	86.61447
1531773592874	738	DecisionBody	POSITION	-46.87332	-1.182114	86.49244
1531773592891	739	DecisionBody	POSITION	-46.87262	-1.182541	86.36735
1531773592907	740	DecisionBody	POSITION	-46.87195	-1.182953	86.24702
1531773592939	741	DecisionBody	POSITION	-46.87067	-1.183731	86.02041
1531773592956	742	DecisionBody	POSITION	-46.87	-1.184158	85.89954
1531773592972	743	DecisionBody	POSITION	-46.86932	-1.18457	85.77917
1531773592988	744	DecisionBody	POSITION	-46.86865	-1.184982	85.66011
1531773593007	745	DecisionBody	POSITION	-46.86792	-1.18544	85.52607
1531773593024	746	DecisionBody	POSITION	-46.86722	-1.185852	85.405
1531773593041	747	DecisionBody	POSITION	-46.86655	-1.186264	85.285
1531773593057	748	DecisionBody	POSITION	-46.86588	-1.186691	85.16405
1531773593074	749	DecisionBody	POSITION	-46.8652	-1.187103	85.04515
1531773593091	750	DecisionBody	POSITION	-46.8645	-1.187531	84.92138
1531773593107	751	DecisionBody	POSITION	-46.86383	-1.187943	84.80109
1531773593124	752	DecisionBody	POSITION	-46.86316	-1.188354	84.68028
1531773593141	753	DecisionBody	POSITION	-46.86249	-1.188766	84.56043
1531773593157	754	DecisionBody	POSITION	-46.86182	-1.189178	84.44045
1531773593174	755	DecisionBody	POSITION	-46.86115	-1.18959	84.32035
1531773593191	756	DecisionBody	POSITION	-46.86047	-1.190018	84.19859
1531773593207	757	DecisionBody	POSITION	-46.85977	-1.19043	84.07693
1531773593224	758	DecisionBody	POSITION	-46.8591	-1.190857	83.95578
1531773593241	759	DecisionBody	POSITION	-46.85843	-1.191269	83.83572
1531773593257	760	DecisionBody	POSITION	-46.85776	-1.191681	83.71451
1531773593274	761	DecisionBody	POSITION	-46.85706	-1.192093	83.59414
1531773593291	762	DecisionBody	POSITION	-46.85638	-1.192535	83.46892
1531773593308	763	DecisionBody	POSITION	-46.85571	-1.192947	83.34854
1531773593325	764	DecisionBody	POSITION	-46.85501	-1.193359	83.22814
1531773593341	765	DecisionBody	POSITION	-46.85434	-1.193771	83.10689
1531773593371	766	DecisionBody	POSITION	-46.85315	-1.194519	82.89159
1531773593391	767	DecisionBody	POSITION	-46.85229	-1.195023	82.74474
1531773593408	768	DecisionBody	POSITION	-46.85162	-1.195435	82.62382
1531773593425	769	DecisionBody	POSITION	-46.85095	-1.195862	82.50316
1531773593441	770	DecisionBody	POSITION	-46.85028	-1.196274	82.38241
1531773593458	771	DecisionBody	POSITION	-46.84961	-1.196686	82.26226
1531773593474	772	DecisionBody	POSITION	-46.84894	-1.197098	82.14412
1531773593491	773	DecisionBody	POSITION	-46.84827	-1.19751	82.02287
1531773593507	774	DecisionBody	POSITION	-46.8476	-1.197937	81.90204
1531773593524	775	DecisionBody	POSITION	-46.84692	-1.198349	81.78181
1531773593541	776	DecisionBody	POSITION	-46.84625	-1.198761	81.66258
1531773593558	777	DecisionBody	POSITION	-46.84555	-1.199173	81.54036
1531773593574	778	DecisionBody	POSITION	-46.84491	-1.199585	81.42196
1531773593591	779	DecisionBody	POSITION	-46.84421	-1.200012	81.29932
1531773593607	780	DecisionBody	POSITION	-46.84354	-1.200409	81.18103
1531773593624	781	DecisionBody	POSITION	-46.84286	-1.200836	81.05986
1531773593641	782	DecisionBody	POSITION	-46.84219	-1.201248	80.9399
1531773593657	783	DecisionBody	POSITION	-46.84152	-1.20166	80.82074
1531773593675	784	DecisionBody	POSITION	-46.84079	-1.202103	80.68934
1531773593692	785	DecisionBody	POSITION	-46.84012	-1.20253	80.56826
1531773593708	786	DecisionBody	POSITION	-46.83945	-1.202942	80.44818
1531773593725	787	DecisionBody	POSITION	-46.83878	-1.203354	80.32877
1531773593741	788	DecisionBody	POSITION	-46.8381	-1.203766	80.20931
1531773593758	789	DecisionBody	POSITION	-46.8374	-1.204178	80.08717
1531773593775	790	DecisionBody	POSITION	-46.83676	-1.20459	79.96912
1531773593791	791	DecisionBody	POSITION	-46.83606	-1.205002	79.84903
1531773593807	792	DecisionBody	POSITION	-46.83539	-1.205414	79.72857
1531773593824	793	DecisionBody	POSITION	-46.83472	-1.205841	79.60817
1531773593841	794	DecisionBody	POSITION	-46.83405	-1.206253	79.48727
1531773593858	795	DecisionBody	POSITION	-46.83337	-1.206665	79.36668
1531773593875	796	DecisionBody	POSITION	-46.8327	-1.207077	79.24596
1531773593907	797	DecisionBody	POSITION	-46.83136	-1.207901	79.01003
1531773593924	798	DecisionBody	POSITION	-46.83069	-1.208313	78.88972
1531773593940	799	DecisionBody	POSITION	-46.83002	-1.208725	78.76888
1531773593957	800	DecisionBody	POSITION	-46.82935	-1.209137	78.64817
1531773593974	801	DecisionBody	POSITION	-46.82867	-1.209564	78.52806
1531773593991	802	DecisionBody	POSITION	-46.82794	-1.210007	78.3992
1531773594008	803	DecisionBody	POSITION	-46.82794	-1.210007	78.39801
1531773594025	804	DecisionBody	POSITION	-46.82996	-1.109634	78.39764
1531773594041	805	PHASE_2_MOVE	ENDED
1531773594041	805	DECISION_EVENT	True
1531773594059	806	END_TRIAL
1531773594059	806	IntertrialScreen	CANVAS_GROUP_ALPHA	1
1531773594075	807	DecisionBody	POSITION	-46.82996	-1.113556	78.39764
1531773594091	808	DecisionBody	POSITION	-46.82996	-1.121399	78.39764
1531773594124	810	DecisionBody	POSITION	-46.82996	-1.133179	78.39764
1531773594141	811	DecisionBody	POSITION	-46.82996	-1.148865	78.39764
1531773594157	812	DecisionBody	POSITION	-46.82996	-1.168488	78.39764
1531773594174	813	DecisionBody	POSITION	-46.82996	-1.192032	78.39764
1531773594191	814	DecisionBody	POSITION	-46.82996	-1.219498	78.39764
1531773594224	816	DecisionBody	POSITION	-46.82996	-1.250885	78.39764
1531773594241	817	DecisionBody	POSITION	-46.82996	-1.286209	78.39764
1531773594258	818	DecisionBody	POSITION	-46.82996	-1.325455	78.39764
1531773594274	819	DecisionBody	POSITION	-46.82996	-1.368607	78.39764
1531773594291	820	DecisionBody	POSITION	-46.82996	-1.415695	78.39764
1531773594324	822	DecisionBody	POSITION	-46.82996	-1.466705	78.39764
1531773594341	823	DecisionBody	POSITION	-46.82996	-1.521652	78.39764
1531773594357	824	DecisionBody	POSITION	-46.82996	-1.580505	78.39764
1531773594374	825	DecisionBody	POSITION	-46.82996	-1.643295	78.39764
1531773594391	826	DecisionBody	POSITION	-46.82996	-1.710007	78.39764
1531773594424	828	DecisionBody	POSITION	-46.82996	-1.78064	78.39764
1531773594440	829	DecisionBody	POSITION	-46.82996	-1.855194	78.39764
1531773594457	830	DecisionBody	POSITION	-46.82996	-1.93367	78.39764
1531773594475	831	DecisionBody	POSITION	-46.82996	-2.016068	78.39764
1531773594492	832	DecisionBody	POSITION	-46.82996	-2.102402	78.39764
1531773594525	834	DecisionBody	POSITION	-46.82996	-2.192657	78.39764
1531773594542	835	DecisionBody	POSITION	-46.82996	-2.286835	78.39764
1531773594559	836	DecisionBody	POSITION	-46.82996	-2.384933	78.39764
1531773594575	837	DecisionBody	POSITION	-46.82996	-2.486954	78.39764
1531773594591	838	DecisionBody	POSITION	-46.82996	-2.592896	78.39764
1531773594625	840	DecisionBody	POSITION	-46.82996	-2.702774	78.39764
1531773594641	841	DecisionBody	POSITION	-46.82996	-2.816574	78.39764
1531773594658	842	DecisionBody	POSITION	-46.82996	-2.934296	78.39764
1531773594675	843	DecisionBody	POSITION	-46.82996	-3.055939	78.39764
1531773594691	844	DecisionBody	POSITION	-46.82996	-3.181503	78.39764
1531773594724	846	DecisionBody	POSITION	-46.82996	-3.310989	78.39764
1531773594741	847	DecisionBody	POSITION	-46.82996	-3.444412	78.39764
1531773594758	848	DecisionBody	POSITION	-46.82996	-3.581741	78.39764
1531773594775	849	DecisionBody	POSITION	-46.82996	-3.723007	78.39764
1531773594793	850	DecisionBody	POSITION	-46.82996	-3.868195	78.39764
1531773594825	852	DecisionBody	POSITION	-46.82996	-4.017319	78.39764
1531773594842	853	DecisionBody	POSITION	-46.82996	-4.170349	78.39764
1531773594858	854	DecisionBody	POSITION	-46.82996	-4.327301	78.39764
1531773594875	855	DecisionBody	POSITION	-46.82996	-4.48819	78.39764
1531773594891	856	DecisionBody	POSITION	-46.82996	-4.653	78.39764
1531773594925	858	DecisionBody	POSITION	-46.82996	-4.821732	78.39764
1531773594941	859	DecisionBody	POSITION	-46.82996	-4.994385	78.39764
1531773594958	860	DecisionBody	POSITION	-46.82996	-5.170975	78.39764
1531773594975	861	DecisionBody	POSITION	-46.82996	-5.351471	78.39764
1531773594991	862	DecisionBody	POSITION	-46.82996	-5.535904	78.39764
1531773595024	864	DecisionBody	POSITION	-46.82996	-5.724258	78.39764
1531773595041	865	DecisionBody	POSITION	-46.82996	-5.916534	78.39764
1531773595058	866	DecisionBody	POSITION	-46.82996	-6.112732	78.39764
1531773595087	867	DecisionBody	POSITION	-46.82996	-6.312851	78.39764
1531773595107	868	DecisionBody	POSITION	-46.82996	-6.516907	78.39764
1531773595123	869	DecisionBody	POSITION	-46.82996	-6.724869	78.39764
1531773595140	870	DecisionBody	POSITION	-46.82996	-6.936768	78.39764
1531773595157	871	DecisionBody	POSITION	-46.82996	-7.152588	78.39764
1531773595173	872	DecisionBody	POSITION	-46.82996	-7.37233	78.39764
1531773595191	873	DecisionBody	POSITION	-46.82996	-7.595993	78.39764
1531773595224	875	DecisionBody	POSITION	-46.82996	-7.823593	78.39764
1531773595241	876	DecisionBody	POSITION	-46.82996	-8.055115	78.39764
1531773595257	877	DecisionBody	POSITION	-46.82996	-8.290543	78.39764
1531773595275	878	DecisionBody	POSITION	-46.82996	-8.529907	78.39764
1531773595292	879	DecisionBody	POSITION	-46.82996	-8.773193	78.39764
1531773595325	881	DecisionBody	POSITION	-46.82996	-9.020416	78.39764
1531773595342	882	DecisionBody	POSITION	-46.82996	-9.271545	78.39764
1531773595358	883	DecisionBody	POSITION	-46.82996	-9.526611	78.39764
1531773595375	884	DecisionBody	POSITION	-46.82996	-9.785599	78.39764
1531773595391	885	DecisionBody	POSITION	-46.82996	-10.04849	78.39764
1531773595424	887	DecisionBody	POSITION	-46.82996	-10.31534	78.39764
1531773595441	888	DecisionBody	POSITION	-46.82996	-10.58609	78.39764
1531773595458	889	DecisionBody	POSITION	-46.82996	-10.86076	78.39764
1531773595474	890	DecisionBody	POSITION	-46.82996	-11.13937	78.39764
1531773595491	891	DecisionBody	POSITION	-46.82996	-11.42191	78.39764
1531773595524	893	DecisionBody	POSITION	-46.82996	-11.70836	78.39764
1531773595540	894	DecisionBody	POSITION	-46.82996	-11.99873	78.39764
1531773595557	895	DecisionBody	POSITION	-46.82996	-12.29303	78.39764
1531773595574	896	DecisionBody	POSITION	-46.82996	-12.59125	78.39764
1531773595591	897	DecisionBody	POSITION	-46.82996	-12.8934	78.39764
1531773595625	899	DecisionBody	POSITION	-46.82996	-13.19948	78.39764
1531773595641	900	DecisionBody	POSITION	-46.82996	-13.50948	78.39764
1531773595658	901	DecisionBody	POSITION	-46.82996	-13.82339	78.39764
1531773595674	902	DecisionBody	POSITION	-46.82996	-14.14124	78.39764
1531773595691	903	DecisionBody	POSITION	-46.82996	-14.463	78.39764
1531773595724	905	DecisionBody	POSITION	-46.82996	-14.7887	78.39764
1531773595741	906	DecisionBody	POSITION	-46.82996	-15.11832	78.39764
1531773595757	907	DecisionBody	POSITION	-46.82996	-15.45186	78.39764
1531773595774	908	DecisionBody	POSITION	-46.82996	-15.78932	78.39764
1531773595791	909	DecisionBody	POSITION	-46.82996	-16.13071	78.39764
1531773595824	911	DecisionBody	POSITION	-46.82996	-16.47601	78.39764
1531773595840	912	DecisionBody	POSITION	-46.82996	-16.82526	78.39764
1531773595857	913	DecisionBody	POSITION	-46.82996	-17.17841	78.39764
1531773595874	914	DecisionBody	POSITION	-46.82996	-17.53549	78.39764
1531773595890	915	DecisionBody	POSITION	-46.82996	-17.8965	78.39764
1531773595924	917	DecisionBody	POSITION	-46.82996	-18.26144	78.39764
1531773595940	918	DecisionBody	POSITION	-46.82996	-18.63029	78.39764
1531773595957	919	DecisionBody	POSITION	-46.82996	-19.00308	78.39764
1531773595974	920	DecisionBody	POSITION	-46.82996	-19.37978	78.39764
1531773595990	921	DecisionBody	POSITION	-46.82996	-19.76041	78.39764
1531773596023	923	DecisionBody	POSITION	-46.82996	-20.14496	78.39764
1531773596040	924	DecisionBody	POSITION	-46.82996	-20.53343	78.39764
1531773596057	925	DecisionBody	POSITION	-46.82996	-20.92584	78.39764
1531773596073	926	IntertrialScreen	CANVAS_GROUP_ALPHA	0
1531773596073	926	DecisionBody	POSITION	-46.82996	-21.32216	78.39764
1531773596091	927	DecisionBody	POSITION	-46.82996	-21.72241	78.39764
1531773596108	928	PHASE_1_MOVE	STARTED
1531773596109	928	DecisionBody	POSITION	-51.16394	-1.210007	168.648
1531773596140	929	DecisionBody	POSITION	-51.13879	-0.8880157	168.4487
1531773596171	930	DecisionBody	POSITION	-51.13974	-0.8766479	168.2309
1531773596208	931	DecisionBody	POSITION	-51.13989	-0.8762817	168.1221
1531773596239	932	DecisionBody	POSITION	-51.14026	-0.8762054	167.9043
1531773596271	933	DecisionBody	POSITION	-51.14069	-0.876236	167.6866
1531773596308	934	DecisionBody	POSITION	-51.14081	-0.876236	167.5777
1531773596340	935	DecisionBody	POSITION	-51.14163	-0.8637238	167.363
1531773596371	936	DecisionBody	POSITION	-51.14163	-0.8740234	167.1454
1531773596408	937	DecisionBody	POSITION	-51.14209	-0.8647308	167.0389
1531773596440	938	DecisionBody	POSITION	-51.14215	-0.8747864	166.8211
1531773596471	939	DecisionBody	POSITION	-51.14258	-0.876297	166.6034
1531773596507	940	DecisionBody	POSITION	-51.1427	-0.8763428	166.4945
1531773596540	941	DecisionBody	POSITION	-51.14316	-0.8763885	166.2768
1531773596572	942	DecisionBody	POSITION	-51.14362	-0.8764191	166.059
1531773596607	943	DecisionBody	POSITION	-51.14374	-0.8764343	165.9501
1531773596639	944	DecisionBody	POSITION	-51.14423	-0.8764648	165.7324
1531773596671	945	DecisionBody	POSITION	-51.14468	-0.8764954	165.5147
1531773596708	946	DecisionBody	POSITION	-51.1459	-0.863327	165.4105
1531773596739	947	DecisionBody	POSITION	-51.1459	-0.8751068	165.1928
1531773596771	948	DecisionBody	POSITION	-51.14667	-0.8631744	164.979
1531773596807	949	DecisionBody	POSITION	-51.14667	-0.8670959	164.8702
1531773596840	950	DecisionBody	POSITION	-51.14682	-0.8755188	164.6524
1531773596871	951	DecisionBody	POSITION	-51.14731	-0.8766327	164.4347
1531773596907	952	DecisionBody	POSITION	-51.14749	-0.8766937	164.3258
1531773596939	953	DecisionBody	POSITION	-51.14804	-0.8767395	164.1081
1531773596971	954	DecisionBody	POSITION	-51.14859	-0.8767853	163.8903
1531773597007	955	DecisionBody	POSITION	-51.14886	-0.8768158	163.7814
1531773597040	956	DecisionBody	POSITION	-51.14944	-0.8768463	163.5637
1531773597072	957	DecisionBody	POSITION	-51.15002	-0.8768921	163.346
1531773597108	958	DecisionBody	POSITION	-51.1506	-0.8697052	163.238
1531773597140	959	DecisionBody	POSITION	-51.15225	-0.8729706	163.0215
1531773597172	960	DecisionBody	POSITION	-51.15344	-0.8670654	162.8054
1531773597207	961	DecisionBody	POSITION	-51.15344	-0.8709869	162.6966
1531773597240	962	DecisionBody	POSITION	-51.15381	-0.8767548	162.4788
1531773597271	963	DecisionBody	POSITION	-51.15448	-0.8772583	162.2611
1531773597307	964	DecisionBody	POSITION	-51.15475	-0.8773041	162.1522
1531773597339	965	DecisionBody	POSITION	-51.15558	-0.8773956	161.9345
1531773597376	966	DecisionBody	POSITION	-51.15634	-0.8774414	161.7167
1531773597408	967	DecisionBody	POSITION	-51.15659	-0.8774719	161.6078
1531773597440	968	DecisionBody	POSITION	-51.15735	-0.8775482	161.3901
1531773597476	969	DecisionBody	POSITION	-51.15945	-0.8575134	161.1776
1531773597507	970	DecisionBody	POSITION	-51.15945	-0.8614349	161.0688
1531773597539	971	DecisionBody	POSITION	-51.15945	-0.8732147	160.851
1531773597572	972	DecisionBody	POSITION	-51.15997	-0.8776245	160.6333
1531773597608	973	DecisionBody	POSITION	-51.16025	-0.8777924	160.5244
1531773597639	974	DecisionBody	POSITION	-51.16119	-0.8779297	160.3067
1531773597671	975	DecisionBody	POSITION	-51.16208	-0.8780212	160.0889
1531773597707	976	DecisionBody	POSITION	-51.16235	-0.8780518	159.9801
1531773597739	977	DecisionBody	POSITION	-51.16354	-0.8781891	159.7623
1531773597776	978	DecisionBody	POSITION	-51.16446	-0.8782806	159.5446
1531773597807	979	DecisionBody	POSITION	-51.16483	-0.8783264	159.4357
1531773597839	980	DecisionBody	POSITION	-51.16815	-0.8556824	159.2269
1531773597871	981	DecisionBody	POSITION	-51.16815	-0.8674622	159.0091
1531773597907	982	DecisionBody	POSITION	-51.16815	-0.8713837	158.9003
1531773597939	983	DecisionBody	POSITION	-51.16858	-0.878067	158.6825
1531773597971	984	DecisionBody	POSITION	-51.16956	-0.8788452	158.4648
1531773598007	985	DecisionBody	POSITION	-51.16998	-0.8789215	158.3559
1531773598040	986	DecisionBody	POSITION	-51.17105	-0.8790436	158.1382
1531773598076	987	DecisionBody	POSITION	-51.17227	-0.8791962	157.9204
1531773598107	988	DecisionBody	POSITION	-51.17264	-0.8792572	157.8115
1531773598140	989	DecisionBody	POSITION	-51.17389	-0.8794098	157.5938
1531773598171	990	DecisionBody	POSITION	-51.17633	-0.8667908	157.3793
1531773598207	991	DecisionBody	POSITION	-51.17633	-0.8707123	157.2704
1531773598239	992	DecisionBody	POSITION	-51.17798	-0.8668365	157.0555
1531773598276	993	DecisionBody	POSITION	-51.17804	-0.8781128	156.8377
1531773598307	994	DecisionBody	POSITION	-51.17828	-0.8796387	156.7288
1531773598339	995	DecisionBody	POSITION	-51.17957	-0.8801727	156.5111
1531773598376	996	DecisionBody	POSITION	-51.18085	-0.8803558	156.2934
1531773598407	997	DecisionBody	POSITION	-51.1813	-0.8804321	156.1845
1531773598439	998	DecisionBody	POSITION	-51.18262	-0.8806152	155.9667
1531773598471	999	DecisionBody	POSITION	-51.18411	-0.8808289	155.749
1531773598491	1000	DecisionBody	POSITION	-51.18457	-0.8809204	155.6401
1531773598523	1001	DecisionBody	POSITION	-51.18503	-0.8809967	155.5313
1531773598540	1002	DecisionBody	POSITION	-51.18561	-0.8811035	155.4224
1531773598576	1003	DecisionBody	POSITION	-51.18814	-0.8705444	155.2064
1531773598608	1004	InfoGroup	CANVAS_GROUP_ALPHA	1
1531773598608	1004	DecisionBody	POSITION	-51.18814	-0.8730621	155.0976
1531773598640	1005	DecisionBody	POSITION	-51.19064	-0.8683014	154.8829
1531773598671	1006	DecisionBody	POSITION	-51.19067	-0.8799286	154.6652
1531773598707	1007	DecisionBody	POSITION	-51.19098	-0.8815308	154.5563
1531773598740	1008	DecisionBody	POSITION	-51.19257	-0.8821564	154.3386
1531773598775	1009	DecisionBody	POSITION	-51.19421	-0.882431	154.1208
1531773598807	1010	DecisionBody	POSITION	-51.19476	-0.8825073	154.012
1531773598839	1011	DecisionBody	POSITION	-51.19641	-0.8827515	153.7942
1531773598856	1012	DecisionBody	POSITION	-51.19693	-0.882843	153.6854
1531773598892	1013	DecisionBody	POSITION	-51.19815	-0.8830566	153.4676
1531773598923	1014	DecisionBody	POSITION	-51.19824	-0.8830719	153.3587
1531773598955	1015	DecisionBody	POSITION	-51.19498	-0.8684387	153.1437
1531773598972	1016	DecisionBody	POSITION	-51.19498	-0.8723602	153.0349
1531773598991	1017	DecisionBody	POSITION	-51.19553	-0.8723907	152.9263
1531773599023	1018	DecisionBody	POSITION	-51.19553	-0.8763123	152.8175
1531773599055	1019	DecisionBody	POSITION	-51.19626	-0.8822632	152.5997
1531773599092	1020	DecisionBody	POSITION	-51.19763	-0.8829498	152.382
1531773599123	1021	DecisionBody	POSITION	-51.19785	-0.8829956	152.2731
1531773599155	1022	DecisionBody	POSITION	-51.19827	-0.8830719	152.0554
1531773599171	1023	DecisionBody	POSITION	-51.19827	-0.8830719	151.9465
1531773599191	1024	DecisionBody	POSITION	-51.19827	-0.8830719	151.8376
1531773599223	1025	DecisionBody	POSITION	-51.1983	-0.8830719	151.7287
1531773599256	1026	DecisionBody	POSITION	-51.19839	-0.8830872	151.511
1531773599292	1027	DecisionBody	POSITION	-51.19629	-0.8724365	151.3254
1531773599323	1028	DecisionBody	POSITION	-51.19629	-0.8763733	151.2311
1531773599355	1029	DecisionBody	POSITION	-51.19623	-0.8754425	151.0444
1531773599372	1030	DecisionBody	POSITION	-51.19702	-0.8734283	150.9507
1531773599392	1031	DecisionBody	POSITION	-51.19702	-0.8773499	150.8564
1531773599423	1032	DecisionBody	POSITION	-51.19702	-0.8812866	150.7621
1531773599455	1033	DecisionBody	POSITION	-51.19852	-0.8830566	150.5734
1531773599492	1034	DecisionBody	POSITION	-51.19989	-0.8831635	150.3848
1531773599523	1035	DecisionBody	POSITION	-51.2001	-0.8831329	150.3027
1531773599555	1036	DecisionBody	POSITION	-51.20038	-0.8831024	150.1385
1531773599573	1037	DecisionBody	POSITION	-51.20044	-0.8830872	150.0565
1531773599607	1038	DecisionBody	POSITION	-51.20047	-0.8830872	149.9744
1531773599639	1039	DecisionBody	POSITION	-51.20047	-0.8830872	149.8102
1531773599656	1040	DecisionBody	POSITION	-51.2005	-0.8830719	149.7281
1531773599692	1041	DecisionBody	POSITION	-51.20047	-0.8830872	149.564
1531773599723	1042	DecisionBody	POSITION	-51.20047	-0.8830719	149.4819
1531773599756	1043	DecisionBody	POSITION	-51.19852	-0.874054	149.3202
1531773599772	1044	DecisionBody	POSITION	-51.19852	-0.8779755	149.2381
1531773599791	1045	DecisionBody	POSITION	-51.19852	-0.881897	149.156
1531773599823	1046	DecisionBody	POSITION	-51.19852	-0.8841705	149.0739
1531773599840	1047	DecisionBody	POSITION	-51.19849	-0.8787079	148.9929
1531773599856	1048	DecisionBody	POSITION	-51.19934	-0.8785706	148.9116
1531773599892	1049	DecisionBody	POSITION	-51.19928	-0.8761292	148.749
1531773599923	1050	DecisionBody	POSITION	-51.19928	-0.8800507	148.6669
1531773599955	1051	DecisionBody	POSITION	-51.1987	-0.8830109	148.5028
1531773599971	1052	DecisionBody	POSITION	-51.19861	-0.8831024	148.4207
1531773600007	1054	DecisionBody	POSITION	-51.19855	-0.8831024	148.3386
1531773600039	1055	DecisionBody	POSITION	-51.19846	-0.8831024	148.1745
1531773600075	1056	DecisionBody	POSITION	-51.19846	-0.8831024	148.0103
1531773600107	1057	DecisionBody	POSITION	-51.19843	-0.8831024	147.9283
1531773600140	1058	DecisionBody	POSITION	-51.19846	-0.8831024	147.7641
1531773600171	1059	DecisionBody	POSITION	-51.19846	-0.8831024	147.5999
1531773600207	1060	DecisionBody	POSITION	-51.19843	-0.8831024	147.5179
1531773600239	1061	DecisionBody	POSITION	-51.19843	-0.8830872	147.3537
1531773600271	1062	DecisionBody	POSITION	-51.1976	-0.8741455	147.1919
1531773600291	1063	DecisionBody	POSITION	-51.1976	-0.878067	147.1098
1531773600323	1064	DecisionBody	POSITION	-51.19757	-0.8759918	147.0288
1531773600340	1065	DecisionBody	POSITION	-51.19757	-0.8799133	146.9467
1531773600371	1066	DecisionBody	POSITION	-51.19864	-0.8729248	146.7858
1531773600407	1067	DecisionBody	POSITION	-51.19864	-0.8768463	146.7037
1531773600439	1068	DecisionBody	POSITION	-51.1983	-0.8825989	146.5396
1531773600471	1069	DecisionBody	POSITION	-51.19839	-0.8830719	146.3754
1531773600491	1070	DecisionBody	POSITION	-51.19836	-0.8830872	146.2933
1531773600523	1071	DecisionBody	POSITION	-51.19833	-0.8830872	146.2112
1531773600540	1072	DecisionBody	POSITION	-51.19833	-0.8830719	146.1292
1531773600556	1073	DecisionBody	POSITION	-51.19836	-0.8830872	146.0471
1531773600592	1074	DecisionBody	POSITION	-51.19836	-0.8830872	145.8829
1531773600623	1075	DecisionBody	POSITION	-51.19836	-0.8830872	145.8009
1531773600655	1076	DecisionBody	POSITION	-51.19836	-0.8830872	145.6367
1531773600692	1077	DecisionBody	POSITION	-51.19839	-0.8830872	145.4725
1531773600740	1079	DecisionBody	POSITION	-51.19839	-0.8830872	145.3084
1531773600756	1080	DecisionBody	POSITION	-51.19727	-0.8750305	145.2294
1531773600775	1081	DecisionBody	POSITION	-51.19693	-0.8748474	145.1477
1531773600807	1082	DecisionBody	POSITION	-51.19693	-0.8787842	145.0656
1531773600839	1083	DecisionBody	POSITION	-51.19861	-0.8726349	144.9043
1531773600855	1084	DecisionBody	POSITION	-51.19861	-0.8765564	144.8223
1531773600892	1085	DecisionBody	POSITION	-51.19937	-0.8826752	144.6581
1531773600923	1086	DecisionBody	POSITION	-51.19968	-0.8830872	144.576
1531773600955	1087	DecisionBody	POSITION	-51.20026	-0.8831177	144.4119
1531773600975	1088	DecisionBody	POSITION	-51.20032	-0.8831024	144.3298
1531773601007	1089	DecisionBody	POSITION	-51.20038	-0.8831024	144.2477
1531773601039	1090	DecisionBody	POSITION	-51.20041	-0.8830872	144.0836
1531773601056	1091	DecisionBody	POSITION	-51.20044	-0.8830872	144.0015
1531773601092	1092	DecisionBody	POSITION	-51.20041	-0.8830872	143.8373
1531773601123	1093	DecisionBody	POSITION	-51.20044	-0.8830872	143.7553
1531773601155	1094	InfoGroup	CANVAS_GROUP_ALPHA	0
1531773601155	1094	DecisionBody	POSITION	-51.20041	-0.8830872	143.5911
1531773601175	1095	DecisionBody	POSITION	-51.20044	-0.8830872	143.509
1531773601207	1096	DecisionBody	POSITION	-51.20044	-0.8830872	143.427
1531773601239	1097	DecisionBody	POSITION	-51.19995	-0.8704681	143.2683
1531773601256	1098	DecisionBody	POSITION	-51.19995	-0.8743896	143.1862
1531773601275	1099	DecisionBody	POSITION	-51.19995	-0.8783112	143.1041
1531773601292	1100	DecisionBody	POSITION	-51.19943	-0.8748322	143.0236
1531773601323	1101	DecisionBody	POSITION	-51.19955	-0.877121	142.9417
1531773601340	1102	DecisionBody	POSITION	-51.19955	-0.8810425	142.8596
1531773601356	1103	DecisionBody	POSITION	-51.19971	-0.8827667	142.7775
1531773601392	1104	DecisionBody	POSITION	-51.20029	-0.8831024	142.6134
1531773601423	1105	DecisionBody	POSITION	-51.20035	-0.8831024	142.5313
1531773601455	1106	DecisionBody	POSITION	-51.20044	-0.8830872	142.3671
1531773601471	1107	DecisionBody	POSITION	-51.20047	-0.8830719	142.285
1531773601491	1108	DecisionBody	POSITION	-51.2005	-0.8830719	142.203
1531773601523	1109	DecisionBody	POSITION	-51.2005	-0.8830719	142.1209
1531773601540	1110	DecisionBody	POSITION	-51.2005	-0.8830719	142.0388
1531773601556	1111	DecisionBody	POSITION	-51.20053	-0.8830719	141.9567
1531773601591	1112	DecisionBody	POSITION	-51.20047	-0.8830719	141.7926
1531773601623	1113	DecisionBody	POSITION	-51.2005	-0.8830719	141.7105
1531773601655	1114	DecisionBody	POSITION	-51.2005	-0.8830719	141.5464
1531773601672	1115	DecisionBody	POSITION	-51.2005	-0.8830719	141.4643
1531773601692	1116	DecisionBody	POSITION	-51.2005	-0.8830719	141.3822
1531773601723	1117	DecisionBody	POSITION	-51.19867	-0.874649	141.302
1531773601740	1118	DecisionBody	POSITION	-51.19867	-0.8785706	141.2199
1531773601757	1119	DecisionBody	POSITION	-51.19867	-0.8766785	141.1386
1531773601775	1120	DecisionBody	POSITION	-51.19867	-0.8806	141.0565
1531773601807	1121	DecisionBody	POSITION	-51.19846	-0.8746643	140.9758
1531773601839	1122	DecisionBody	POSITION	-51.19904	-0.8822784	140.8117
1531773601856	1123	DecisionBody	POSITION	-51.19946	-0.8830414	140.7296
1531773601875	1124	DecisionBody	POSITION	-51.1998	-0.8831482	140.6475
1531773601892	1125	DecisionBody	POSITION	-51.20004	-0.8831482	140.5655
1531773601923	1126	DecisionBody	POSITION	-51.2002	-0.8831177	140.4834
1531773601940	1127	DecisionBody	POSITION	-51.20032	-0.8831024	140.4013
1531773601957	1128	DecisionBody	POSITION	-51.20038	-0.8831024	140.3192
1531773601973	1129	DecisionBody	POSITION	-51.20044	-0.8830872	140.2372
1531773601991	1130	DecisionBody	POSITION	-51.20047	-0.8830872	140.1551
1531773602023	1131	DecisionBody	POSITION	-51.20047	-0.8830872	140.073
1531773602040	1132	DecisionBody	POSITION	-51.2005	-0.8830719	139.9909
1531773602075	1133	DecisionBody	POSITION	-51.2005	-0.8830719	139.8268
1531773602107	1134	DecisionBody	POSITION	-51.2005	-0.8830719	139.7447
1531773602139	1135	DecisionBody	POSITION	-51.20047	-0.8830719	139.5805
1531773602156	1136	DecisionBody	POSITION	-51.2005	-0.8830719	139.4985
1531773602191	1137	DecisionBody	POSITION	-51.20081	-0.8741455	139.337
1531773602239	1139	DecisionBody	POSITION	-51.20081	-0.8761444	139.1749
1531773602256	1140	DecisionBody	POSITION	-51.20081	-0.8800354	139.0928
1531773602272	1141	DecisionBody	POSITION	-51.20129	-0.8748169	139.0125
1531773602291	1142	DecisionBody	POSITION	-51.20126	-0.8785095	138.9304
1531773602323	1143	DecisionBody	POSITION	-51.2012	-0.8820648	138.8483
1531773602340	1144	DecisionBody	POSITION	-51.20078	-0.882843	138.7663
1531773602371	1145	DecisionBody	POSITION	-51.19928	-0.8831635	138.6021
1531773602391	1146	DecisionBody	POSITION	-51.19897	-0.8831635	138.52
1531773602425	1148	DecisionBody	POSITION	-51.19876	-0.8831482	138.438
1531773602455	1149	DecisionBody	POSITION	-51.19843	-0.8831024	138.2738
1531773602475	1150	DecisionBody	POSITION	-51.19839	-0.8830872	138.1917
1531773602507	1151	DecisionBody	POSITION	-51.19836	-0.8830872	138.1096
1531773602524	1152	DecisionBody	POSITION	-51.19836	-0.8830872	138.0276
1531773602540	1153	DecisionBody	POSITION	-51.19836	-0.8830872	137.9455
1531773602557	1154	DecisionBody	POSITION	-51.19833	-0.8830872	137.8634
1531773602575	1155	DecisionBody	POSITION	-51.19836	-0.8830872	137.7813
1531773602607	1156	DecisionBody	POSITION	-51.19839	-0.8830872	137.6993
1531773602639	1157	DecisionBody	POSITION	-51.19836	-0.8830872	137.5351
1531773602655	1158	DecisionBody	POSITION	-51.19836	-0.8830872	137.453
1531773602675	1159	DecisionBody	POSITION	-51.19778	-0.8764038	137.3739
1531773602691	1160	DecisionBody	POSITION	-51.19696	-0.8739624	137.2926
1531773602723	1161	DecisionBody	POSITION	-51.19696	-0.8778839	137.2105
1531773602740	1162	DecisionBody	POSITION	-51.19696	-0.8770599	137.129
1531773602776	1163	DecisionBody	POSITION	-51.19827	-0.8747253	136.9669
1531773602792	1164	DecisionBody	POSITION	-51.19827	-0.8786469	136.8848
1531773602825	1166	DecisionBody	POSITION	-51.19833	-0.8821869	136.8027
1531773602855	1167	DecisionBody	POSITION	-51.19843	-0.8830566	136.6386
1531773602871	1168	DecisionBody	POSITION	-51.19836	-0.8830872	136.5565
1531773602891	1169	DecisionBody	POSITION	-51.19836	-0.8830872	136.4744
1531773602924	1171	DecisionBody	POSITION	-51.19833	-0.8830872	136.3923
1531773602955	1172	DecisionBody	POSITION	-51.19839	-0.8830872	136.2282
1531773602975	1173	DecisionBody	POSITION	-51.19836	-0.8830872	136.1461
1531773603007	1174	DecisionBody	POSITION	-51.19836	-0.8830872	136.064
1531773603024	1175	DecisionBody	POSITION	-51.19833	-0.8830872	135.982
1531773603055	1176	DecisionBody	POSITION	-51.19843	-0.8830872	135.8178
1531773603075	1177	DecisionBody	POSITION	-51.19839	-0.8830872	135.7357
1531773603107	1178	DecisionBody	POSITION	-51.19836	-0.8830872	135.6537
1531773603123	1179	DecisionBody	POSITION	-51.19833	-0.8830872	135.5716
1531773603155	1180	DecisionBody	POSITION	-51.19843	-0.8830872	135.4074
1531773603175	1181	DecisionBody	POSITION	-51.19659	-0.8749542	135.3279
1531773603207	1182	DecisionBody	POSITION	-51.19659	-0.8788757	135.2458
1531773603224	1183	DecisionBody	POSITION	-51.19653	-0.8761597	135.1651
1531773603240	1184	DecisionBody	POSITION	-51.19653	-0.8800049	135.083
1531773603257	1185	DecisionBody	POSITION	-51.1965	-0.8747101	135.0027
1531773603275	1186	DecisionBody	POSITION	-51.19656	-0.8783417	134.9207
1531773603292	1187	DecisionBody	POSITION	-51.19659	-0.8819122	134.8386
1531773603323	1188	DecisionBody	POSITION	-51.19711	-0.8827057	134.7565
1531773603340	1189	DecisionBody	POSITION	-51.19769	-0.8829498	134.6745
1531773603376	1190	DecisionBody	POSITION	-51.19931	-0.883194	134.5103
1531773603392	1191	DecisionBody	POSITION	-51.19974	-0.883194	134.4282
1531773603425	1193	DecisionBody	POSITION	-51.19998	-0.8831635	134.3461
1531773603460	1194	DecisionBody	POSITION	-51.20038	-0.8831024	134.182
1531773603491	1195	DecisionBody	POSITION	-51.20044	-0.8830872	134.0178
1531773603523	1196	DecisionBody	POSITION	-51.20047	-0.8830872	133.9358
1531773603540	1197	DecisionBody	POSITION	-51.2005	-0.8830719	133.8537
1531773603556	1198	DecisionBody	POSITION	-51.20053	-0.8830719	133.7716
1531773603575	1199	DecisionBody	POSITION	-51.20053	-0.8830719	133.6895
1531773603592	1200	DecisionBody	POSITION	-51.20053	-0.8830719	133.6075
1531773603623	1201	DecisionBody	POSITION	-51.20053	-0.8830719	133.5254
1531773603640	1202	DecisionBody	POSITION	-51.20053	-0.8830719	133.4433
1531773603656	1203	DecisionBody	POSITION	-51.2012	-0.8764191	133.3641
1531773603675	1204	DecisionBody	POSITION	-51.20026	-0.8736267	133.2829
1531773603692	1205	DecisionBody	POSITION	-51.20026	-0.8750763	133.2013
1531773603723	1206	DecisionBody	POSITION	-51.20026	-0.8789978	133.1192
1531773603740	1207	DecisionBody	POSITION	-51.20078	-0.8745575	133.0386
1531773603776	1208	DecisionBody	POSITION	-51.2002	-0.8822021	132.8744
1531773603792	1209	DecisionBody	POSITION	-51.19977	-0.8829956	132.7924
1531773603825	1211	DecisionBody	POSITION	-51.19931	-0.8831787	132.7103
1531773603855	1212	DecisionBody	POSITION	-51.19861	-0.8831329	132.5461
1531773603875	1213	DecisionBody	POSITION	-51.19852	-0.8831177	132.4641
1531773603907	1214	DecisionBody	POSITION	-51.19849	-0.8831024	132.382
1531773603924	1215	DecisionBody	POSITION	-51.19846	-0.8831024	132.2999
1531773603940	1216	DecisionBody	POSITION	-51.19843	-0.8830872	132.2178
1531773603957	1217	DecisionBody	POSITION	-51.19843	-0.8831024	132.1357
1531773603974	1218	DecisionBody	POSITION	-51.19846	-0.8831024	132.0537
1531773603991	1219	DecisionBody	POSITION	-51.19843	-0.8830872	131.9716
1531773604024	1221	DecisionBody	POSITION	-51.19843	-0.8830872	131.8895
1531773604041	1222	DecisionBody	POSITION	-51.19843	-0.8831024	131.8074
1531773604057	1223	DecisionBody	POSITION	-51.19839	-0.8830872	131.7254
1531773604075	1224	DecisionBody	POSITION	-51.19843	-0.8830872	131.6433
1531773604092	1225	DecisionBody	POSITION	-51.19846	-0.8831024	131.5612
1531773604123	1226	DecisionBody	POSITION	-51.19846	-0.8831024	131.4791
1531773604140	1227	DecisionBody	POSITION	-51.19684	-0.8755798	131.3999
1531773604175	1228	DecisionBody	POSITION	-51.19818	-0.8783569	131.2367
1531773604191	1229	DecisionBody	POSITION	-51.19818	-0.8781738	131.155
1531773604225	1231	DecisionBody	POSITION	-51.19809	-0.8760071	131.0742
1531773604241	1232	DecisionBody	POSITION	-51.19852	-0.8754272	130.9926
1531773604258	1233	DecisionBody	POSITION	-51.19852	-0.8793488	130.9105
1531773604291	1234	DecisionBody	POSITION	-51.19955	-0.8830261	130.7464
1531773604324	1236	DecisionBody	POSITION	-51.19986	-0.8831482	130.6643
1531773604341	1237	DecisionBody	POSITION	-51.20004	-0.8831482	130.5822
1531773604358	1238	DecisionBody	POSITION	-51.2002	-0.8831177	130.5001
1531773604375	1239	DecisionBody	POSITION	-51.20029	-0.8831024	130.418
1531773604391	1240	DecisionBody	POSITION	-51.20035	-0.8831024	130.336
1531773604424	1242	DecisionBody	POSITION	-51.20038	-0.8830872	130.2539
1531773604441	1243	DecisionBody	POSITION	-51.20041	-0.8830872	130.1718
1531773604458	1244	DecisionBody	POSITION	-51.20044	-0.8830872	130.0897
1531773604474	1245	PHASE_1_MOVE	ENDED
1531773604474	1245	DECISION_EVENT	True
1531773604924	1267	DecisionBody	POSITION	-51.21634	-0.8808441	130.0771
1531773604941	1268	DecisionBody	POSITION	-51.2489	-0.8768463	130.0563
1531773604959	1269	DecisionBody	POSITION	-51.29846	-0.8743439	130.0307
1531773604976	1270	DecisionBody	POSITION	-51.3624	-0.8756104	129.998
1531773604992	1271	DecisionBody	POSITION	-51.44043	-0.8753357	129.9618
1531773605026	1273	DecisionBody	POSITION	-51.53159	-0.8752747	129.9239
1531773605055	1274	DecisionBody	POSITION	-51.73962	-0.8752594	129.8244
1531773605075	1275	DecisionBody	POSITION	-51.85614	-0.8752594	129.7667
1531773605107	1276	DecisionBody	POSITION	-51.97626	-0.8752594	129.6994
1531773605123	1277	DecisionBody	POSITION	-52.10236	-0.8752594	129.627
1531773605140	1278	DecisionBody	POSITION	-52.23114	-0.8752594	129.5464
1531773605156	1279	DecisionBody	POSITION	-52.36633	-0.8752594	129.4643
1531773605175	1280	DecisionBody	POSITION	-52.31381	-0.8752594	129.3774
1531773605192	1281	DecisionBody	POSITION	-52.30331	-0.8640289	129.287
1531773605225	1283	DecisionBody	POSITION	-52.30121	-0.8544769	129.1944
1531773605255	1284	DecisionBody	POSITION	-52.319	-0.8483734	129.0242
1531773605275	1285	DecisionBody	POSITION	-52.35269	-0.8509674	128.9333
1531773605291	1286	DecisionBody	POSITION	-52.39984	-0.8572235	128.8379
1531773605325	1288	DecisionBody	POSITION	-52.45526	-0.8636475	128.7348
1531773605341	1289	DecisionBody	POSITION	-52.52005	-0.8538513	128.6289
1531773605358	1290	DecisionBody	POSITION	-52.58801	-0.8482513	128.5143
1531773605375	1291	DecisionBody	POSITION	-52.6492	-0.8467407	128.4112
1531773605392	1292	DecisionBody	POSITION	-52.70425	-0.8489227	128.3183
1531773605425	1294	DecisionBody	POSITION	-52.75381	-0.8544006	128.2348
1531773605442	1295	DecisionBody	POSITION	-52.7984	-0.8628845	128.1596
1531773605458	1296	DecisionBody	POSITION	-52.83853	-0.8595428	128.0945
1531773605475	1297	DecisionBody	POSITION	-52.87463	-0.8600769	128.0359
1531773605492	1298	DecisionBody	POSITION	-52.90625	-0.8582916	127.9838
1531773605525	1300	DecisionBody	POSITION	-52.93475	-0.8602142	127.937
1531773605542	1301	DecisionBody	POSITION	-52.96036	-0.8631134	127.8949
1531773605558	1302	DecisionBody	POSITION	-52.98343	-0.8648224	127.857
1531773605575	1303	DecisionBody	POSITION	-53.00421	-0.8651733	127.8229
1531773605591	1304	DecisionBody	POSITION	-53.02289	-0.8652344	127.7922
1531773605625	1306	DecisionBody	POSITION	-53.0397	-0.8652496	127.7645
1531773605641	1307	DecisionBody	POSITION	-53.05484	-0.8652496	127.7397
1531773605658	1308	DecisionBody	POSITION	-53.06845	-0.8652496	127.7173
1531773605675	1309	DecisionBody	POSITION	-53.10004	-0.8652496	127.6875
1531773605692	1310	DecisionBody	POSITION	-53.14365	-0.8652496	127.6455
1531773605725	1312	DecisionBody	POSITION	-53.20093	-0.8614044	127.598
1531773605742	1313	DecisionBody	POSITION	-53.27271	-0.8597565	127.5484
1531773605758	1314	DecisionBody	POSITION	-53.35825	-0.8617859	127.4986
1531773605775	1315	DecisionBody	POSITION	-53.45602	-0.864563	127.4478
1531773605792	1316	DecisionBody	POSITION	-53.56256	-0.8623962	127.393
1531773605825	1318	DecisionBody	POSITION	-53.65845	-0.8639679	127.3437
1531773605842	1319	DecisionBody	POSITION	-53.74475	-0.8650055	127.2993
1531773605858	1320	DecisionBody	POSITION	-53.82245	-0.8652039	127.2594
1531773605875	1321	DecisionBody	POSITION	-53.89233	-0.8652496	127.2235
1531773605891	1322	DecisionBody	POSITION	-53.95526	-0.8643036	127.1913
1531773605923	1323	DecisionBody	POSITION	-54.0119	-0.8655548	127.1622
1531773605940	1324	DecisionBody	POSITION	-54.06287	-0.8653107	127.1361
1531773605973	1325	DecisionBody	POSITION	-54.14999	-0.8652649	127.0915
1531773605990	1326	DECISION_EVENT	False
1531773605991	1326	PLAYER_DECISION	PHASE_1	CHOICE	RIGHT
1531773605993	1326	PHASE_2_MOVE	STARTED
1531773605994	1326	DecisionBody	POSITION	-54.19708	-0.8694458	127.0011
1531773606023	1327	DecisionBody	POSITION	-54.2139	-0.874939	126.8798
1531773606055	1328	DecisionBody	POSITION	-54.23074	-0.8804321	126.7582
1531773606091	1329	DecisionBody	POSITION	-54.24988	-0.886673	126.6204
1531773606123	1330	DecisionBody	POSITION	-54.2666	-0.8921356	126.4996
1531773606154	1331	DecisionBody	POSITION	-54.28329	-0.897583	126.3791
1531773606191	1332	DecisionBody	POSITION	-54.30258	-0.9038696	126.24
1531773606222	1333	DecisionBody	POSITION	-54.31924	-0.9093018	126.1199
1531773606255	1334	DecisionBody	POSITION	-54.33615	-0.9148254	125.998
1531773606290	1335	DecisionBody	POSITION	-54.35498	-0.9209595	125.8622
1531773606323	1336	DecisionBody	POSITION	-54.37201	-0.9265289	125.7392
1531773606355	1337	DecisionBody	POSITION	-54.38873	-0.9319763	125.6185
1531773606391	1338	DecisionBody	POSITION	-54.40775	-0.9381866	125.4814
1531773606423	1339	DecisionBody	POSITION	-54.42468	-0.9437103	125.3593
1531773606455	1340	DecisionBody	POSITION	-54.44144	-0.949173	125.2384
1531773606491	1341	DecisionBody	POSITION	-54.46057	-0.9554138	125.1004
1531773606523	1342	DecisionBody	POSITION	-54.47736	-0.9608917	124.9793
1531773606555	1343	DecisionBody	POSITION	-54.49414	-0.9663696	124.8582
1531773606591	1344	DecisionBody	POSITION	-54.51321	-0.97258	124.7207
1531773606623	1345	DecisionBody	POSITION	-54.53003	-0.9780731	124.5994
1531773606655	1346	DecisionBody	POSITION	-54.54678	-0.9835358	124.4784
1531773606691	1347	DecisionBody	POSITION	-54.56589	-0.9897766	124.3407
1531773606723	1348	DecisionBody	POSITION	-54.58276	-0.9952698	124.219
1531773606754	1349	DecisionBody	POSITION	-54.59946	-1.000732	124.0985
1531773606791	1350	DecisionBody	POSITION	-54.61865	-1.006989	123.9599
1531773606822	1351	DecisionBody	POSITION	-54.63541	-1.012451	123.8391
1531773606859	1352	DecisionBody	POSITION	-54.65448	-1.018677	123.7017
1531773606891	1353	DecisionBody	POSITION	-54.67126	-1.024155	123.5806
1531773606923	1354	DecisionBody	POSITION	-54.68814	-1.029663	123.4586
1531773606954	1355	DecisionBody	POSITION	-54.70483	-1.035095	123.3384
1531773606991	1356	DecisionBody	POSITION	-54.72403	-1.041367	123.1999
1531773607022	1357	DecisionBody	POSITION	-54.74072	-1.046814	123.0794
1531773607059	1358	DecisionBody	POSITION	-54.75989	-1.05307	122.9411
1531773607091	1359	DecisionBody	POSITION	-54.77661	-1.058517	122.8206
1531773607122	1360	DecisionBody	POSITION	-54.79343	-1.064011	122.6993
1531773607159	1361	DecisionBody	POSITION	-54.81262	-1.070267	122.5608
1531773607191	1362	DecisionBody	POSITION	-54.82932	-1.075714	122.4403
1531773607222	1363	DecisionBody	POSITION	-54.8461	-1.081192	122.3193
1531773607255	1364	DecisionBody	POSITION	-54.86301	-1.0867	122.1973
1531773607291	1365	DecisionBody	POSITION	-54.88196	-1.092896	122.0605
1531773607322	1366	DecisionBody	POSITION	-54.89877	-1.098373	121.9392
1531773607359	1367	DecisionBody	POSITION	-54.91788	-1.104614	121.8014
1531773607391	1368	DecisionBody	POSITION	-54.93469	-1.110092	121.6801
1531773607422	1369	DecisionBody	POSITION	-54.95151	-1.115585	121.5589
1531773607459	1370	DecisionBody	POSITION	-54.97058	-1.121796	121.4214
1531773607491	1371	DecisionBody	POSITION	-54.98737	-1.127274	121.3003
1531773607522	1372	DecisionBody	POSITION	-55.00412	-1.132751	121.1793
1531773607554	1373	DecisionBody	POSITION	-55.0209	-1.138214	121.0583
1531773607591	1374	DecisionBody	POSITION	-55.04013	-1.144501	120.9196
1531773607622	1375	DecisionBody	POSITION	-55.05682	-1.149948	120.7991
1531773607654	1376	DecisionBody	POSITION	-55.07358	-1.155411	120.6782
1531773607691	1377	DecisionBody	POSITION	-55.09265	-1.161621	120.5407
1531773607722	1378	DecisionBody	POSITION	-55.1095	-1.167114	120.4193
1531773607754	1379	DecisionBody	POSITION	-55.12628	-1.172607	120.298
1531773607791	1380	DecisionBody	POSITION	-55.14532	-1.178818	120.1608
1531773607822	1381	DecisionBody	POSITION	-55.16223	-1.184341	120.0387
1531773607854	1382	DecisionBody	POSITION	-55.17899	-1.189804	119.9178
1531773607891	1383	DecisionBody	POSITION	-55.19815	-1.196045	119.7796
1531773607922	1384	DecisionBody	POSITION	-55.21484	-1.201492	119.6593
1531773607954	1385	DecisionBody	POSITION	-55.23169	-1.206985	119.5378
1531773607991	1386	DecisionBody	POSITION	-55.24094	-1.210007	119.471
1531773608022	1387	DecisionBody	POSITION	-55.24094	-0.9300842	119.4621
1531773608055	1388	DecisionBody	POSITION	-55.23965	-1.210007	119.3936
1531773608091	1389	DecisionBody	POSITION	-55.23822	-1.210007	119.3051
1531773608122	1390	DecisionBody	POSITION	-55.23694	-1.210007	119.228
1531773608154	1391	DecisionBody	POSITION	-55.23566	-1.210007	119.1508
1531773608191	1392	DecisionBody	POSITION	-55.23422	-1.210007	119.0629
1531773608222	1393	DecisionBody	POSITION	-55.23294	-1.210007	118.985
1531773608254	1394	DecisionBody	POSITION	-55.23166	-1.210007	118.9075
1531773608291	1395	DecisionBody	POSITION	-55.23022	-1.210007	118.82
1531773608322	1396	DecisionBody	POSITION	-55.22894	-1.210007	118.7419
1531773608354	1397	DecisionBody	POSITION	-55.22766	-1.210007	118.6645
1531773608391	1398	DecisionBody	POSITION	-55.2262	-1.210007	118.5761
1531773608422	1399	DecisionBody	POSITION	-55.22495	-1.210007	118.4987
1531773608455	1400	DecisionBody	POSITION	-55.22366	-1.210007	118.421
1531773608491	1401	DecisionBody	POSITION	-55.2222	-1.210007	118.3328
1531773608522	1402	DecisionBody	POSITION	-55.22095	-1.210007	118.2559
1531773608554	1403	DecisionBody	POSITION	-55.21967	-1.210007	118.1782
1531773608591	1404	DecisionBody	POSITION	-55.2182	-1.210007	118.0901
1531773608622	1405	DecisionBody	POSITION	-55.21695	-1.210007	118.0128
1531773608659	1406	DecisionBody	POSITION	-55.21548	-1.210007	117.9241
1531773608691	1407	DecisionBody	POSITION	-55.2142	-1.210007	117.8468
1531773608722	1408	DecisionBody	POSITION	-55.21295	-1.210007	117.7693
1531773608759	1409	DecisionBody	POSITION	-55.21149	-1.210007	117.6808
1531773608791	1410	DecisionBody	POSITION	-55.21021	-1.210007	117.6034
1531773608822	1411	DecisionBody	POSITION	-55.20892	-1.210007	117.526
1531773608855	1412	DecisionBody	POSITION	-55.20764	-1.210007	117.4484
1531773608891	1413	DecisionBody	POSITION	-55.20621	-1.210007	117.3605
1531773608922	1414	DecisionBody	POSITION	-55.20493	-1.210007	117.2824
1531773608959	1415	DecisionBody	POSITION	-55.20349	-1.210007	117.1957
1531773608991	1416	DecisionBody	POSITION	-55.20221	-1.210007	117.1172
1531773609022	1417	DecisionBody	POSITION	-55.20093	-1.210007	117.0399
