1531237510942	0	DecisionBody	POSITION	-42.33413	0.4752535	71.2309
1531237510943	0	DecisionBody	ROTATION	0	0	0
1531237510944	0	DecisionBody	SCALE	1	1	1
1531237510944	0	SESS_START	1	ShopliftCog v0.1
1531237510945	0	MIC_TEST
1531237512753	68	Joystick1	0.03376794
1531237512753	68	DecisionBody	POSITION	-42.33413	0.7430508	71.21258
1531237512787	69	Joystick1	0.104708
1531237512787	69	DecisionBody	POSITION	-42.33413	0.7966101	71.17449
1531237512819	70	Joystick1	0.168586
1531237512819	70	DecisionBody	POSITION	-42.33413	0.8094646	71.04672
1531237512835	71	Joystick1	0.202044
1531237512836	71	DecisionBody	POSITION	-42.33413	0.8098931	70.96043
1531237512852	72	Joystick1	0.1522111
1531237512852	72	DecisionBody	POSITION	-42.33413	0.8099787	70.86116
1531237512871	73	Joystick1	0.09565794
1531237512871	73	DecisionBody	POSITION	-42.33413	0.8099958	70.75022
1531237512903	74	Joystick1	2.717972E-05
1531237512903	74	DecisionBody	POSITION	-42.33413	0.8099993	70.62878
1531237512935	75	DecisionBody	POSITION	-42.33413	0.8100001	70.4211
1531237512952	76	DecisionBody	POSITION	-42.33413	0.8100001	70.33256
1531237512987	78	DecisionBody	POSITION	-42.33413	0.8100001	70.25288
1531237513019	79	DecisionBody	POSITION	-42.33413	0.8156378	70.11842
1531237513035	80	DecisionBody	POSITION	-42.33413	0.8171801	70.06196
1531237513052	81	DecisionBody	POSITION	-42.33413	0.8150366	70.01114
1531237513087	83	DecisionBody	POSITION	-42.33413	0.8095759	69.9654
1531237513119	84	DecisionBody	POSITION	-42.33413	0.7900078	69.88719
1531237513136	85	DecisionBody	POSITION	-42.33413	0.779834	69.85307
1531237513152	86	DecisionBody	POSITION	-42.33413	0.7687543	69.82188
1531237513171	87	Joystick1	-0.03741407
1531237513171	87	DecisionBody	POSITION	-42.33413	0.7632644	69.81071
1531237513203	88	Joystick1	-0.1013782
1531237513203	88	DecisionBody	POSITION	-42.33413	0.7651224	69.81619
1531237513219	89	Joystick1	-0.134798
1531237513220	89	DecisionBody	POSITION	-42.33413	0.773257	69.83704
1531237513236	90	Joystick1	-0.1680641
1531237513236	90	DecisionBody	POSITION	-42.33413	0.7852608	69.8732
1531237513253	91	Joystick1	-0.2014022
1531237513253	91	DecisionBody	POSITION	-42.33413	0.7976202	69.92515
1531237513269	92	Joystick1	-0.2346401
1531237513270	92	DecisionBody	POSITION	-42.33413	0.8083625	69.99271
1531237513286	93	Joystick1	-0.2687042
1531237513303	94	Joystick1	-0.3020642
1531237513303	94	DecisionBody	POSITION	-42.33413	0.8185223	70.07379
1531237513335	95	Joystick1	-0.364706
1531237513335	95	DecisionBody	POSITION	-42.33413	0.8269823	70.27501
1531237513351	96	Joystick1	-0.3979881
1531237513351	96	DecisionBody	POSITION	-42.33413	0.8253845	70.39262
1531237513367	97	Joystick1	-0.431154
1531237513387	98	Joystick1	-0.4692042
1531237513387	98	DecisionBody	POSITION	-42.33413	0.8204148	70.52008
1531237513419	99	Joystick1	-0.5328841
1531237513419	99	DecisionBody	POSITION	-42.33413	0.8104822	70.80067
1531237513435	100	Joystick1	-0.5662541
1531237513435	100	DecisionBody	POSITION	-42.33413	0.8100964	70.95212
1531237513452	101	Joystick1	-0.59955
1531237513452	101	DecisionBody	POSITION	-42.33413	0.8100194	71.11002
1531237513470	102	Joystick1	-0.6366022
1531237513471	102	DecisionBody	POSITION	-42.33413	0.8100039	71.27374
1531237513503	103	Joystick1	-0.700978
1531237513503	103	DecisionBody	POSITION	-42.33413	0.8100008	71.44268
1531237513519	104	Joystick1	-0.7342441
1531237513519	104	DecisionBody	POSITION	-42.33413	0.8100003	71.61633
1531237513536	105	Joystick1	-0.7676501
1531237513536	105	DecisionBody	POSITION	-42.33413	0.8100002	71.79421
1531237513553	106	Joystick1	-0.8010221
1531237513553	106	DecisionBody	POSITION	-42.33413	0.8416842	71.96724
1531237513569	107	Joystick1	-0.8342161
1531237513569	107	DecisionBody	POSITION	-42.33413	0.8642331	72.1441
1531237513586	108	Joystick1	-0.8696301
1531237513604	109	Joystick1	-0.9030201
1531237513604	109	DecisionBody	POSITION	-42.33413	0.8809956	72.32487
1531237513635	110	Joystick1	-0.9648881
1531237513635	110	DecisionBody	POSITION	-42.33413	0.8994179	72.69662
1531237513651	111	Joystick1	-0.998214
1531237513651	111	DecisionBody	POSITION	-42.33413	0.9020671	72.88694
1531237513671	112	Joystick1	-1
1531237513671	112	DecisionBody	POSITION	-42.33413	0.9009197	73.07983
1531237513703	113	Joystick1	-1
1531237513703	113	DecisionBody	POSITION	-42.33413	0.8963556	73.27502
1531237513719	114	Joystick1	-1
1531237513719	114	DecisionBody	POSITION	-42.33413	0.8887162	73.47231
1531237513736	115	Joystick1	-0.9500018
1531237513736	115	DecisionBody	POSITION	-42.33413	0.8783092	73.67146
1531237513753	116	Joystick1	-0.9000881
1531237513753	116	DecisionBody	POSITION	-42.33413	0.8654113	73.87229
1531237513769	117	Joystick1	-0.8502008
1531237513769	117	DecisionBody	POSITION	-42.33413	0.8502716	74.07465
1531237513786	118	Joystick1	-0.7979528
1531237513803	119	Joystick1	-0.747931
1531237513803	119	DecisionBody	POSITION	-42.33413	0.836679	74.27734
1531237513820	120	Joystick1	-0.697945
1531237513820	120	DecisionBody	POSITION	-42.33413	0.8209141	74.48136
1531237513837	121	Joystick1	-0.647983
1531237513837	121	DecisionBody	POSITION	-42.33413	0.8121829	74.68658
1531237513871	122	Joystick1	-0.5457368
1531237513871	122	DecisionBody	POSITION	-42.33411	0.8100874	75.10012
1531237513935	123	Joystick1	-0.3541809
1531237513936	123	DecisionBody	POSITION	-42.3341	0.8100008	75.72679
1531237513951	124	Joystick1	-0.3040419
1531237513951	124	DecisionBody	POSITION	-42.3341	0.8100002	75.93705
1531237513968	125	Joystick1	-0.2541188
1531237513987	126	Joystick1	-0.1973228
1531237513987	126	DecisionBody	POSITION	-42.3341	0.8321931	76.14428
1531237514003	127	Joystick1	-0.147256
1531237514004	127	DecisionBody	POSITION	-42.33409	0.849323	76.35243
1531237514020	128	Joystick1	-0.1806141
1531237514020	128	DecisionBody	POSITION	-42.33409	0.8612083	76.56137
1531237514037	129	Joystick1	-0.213914
1531237514037	129	DecisionBody	POSITION	-42.33408	0.8683735	76.77102
1531237514053	130	Joystick1	-0.247192
1531237514054	130	DecisionBody	POSITION	-42.33408	0.8712906	76.9813
1531237514070	131	Joystick1	-0.2804881
1531237514070	131	DecisionBody	POSITION	-42.33408	0.8703843	77.19215
1531237514086	132	Joystick1	-0.31347
1531237514103	133	Joystick1	-0.346768
1531237514103	133	DecisionBody	POSITION	-42.33407	0.8660371	77.40352
1531237514120	134	Joystick1	-0.3799361
1531237514120	134	DecisionBody	POSITION	-42.33407	0.858593	77.61535
1531237514137	135	Joystick1	-0.413442
1531237514137	135	DecisionBody	POSITION	-42.33407	0.8483617	77.8276
1531237514153	136	Joystick1	-0.4467062
1531237514153	136	DecisionBody	POSITION	-42.33407	0.835622	78.04022
1531237514171	137	Joystick1	-0.4815961
1531237514171	137	DecisionBody	POSITION	-42.33407	0.8180668	78.25266
1531237514187	138	Joystick1	-0.5148841
1531237514204	139	Joystick1	-0.5481981
1531237514204	139	DecisionBody	POSITION	-42.33407	0.8116133	78.46546
1531237514221	140	Joystick1	-0.581494
1531237514221	140	DecisionBody	POSITION	-42.33407	0.8103227	78.67858
1531237514237	141	Joystick1	-0.6147522
1531237514237	141	DecisionBody	POSITION	-42.33406	0.8100647	78.89194
1531237514254	142	Joystick1	-0.6481801
1531237514254	142	DecisionBody	POSITION	-42.33404	0.810013	79.10558
1531237514271	143	Joystick1	-0.681198
1531237514271	143	DecisionBody	POSITION	-42.33403	0.8100027	79.31944
1531237514286	144	Joystick1	-0.713564
1531237514303	145	Joystick1	-0.7468401
1531237514304	145	DecisionBody	POSITION	-42.33402	0.8100006	79.53352
1531237514320	146	Joystick1	-0.7802402
1531237514320	146	DecisionBody	POSITION	-42.33401	0.8100003	79.7478
1531237514337	147	Joystick1	-0.7301884
1531237514337	147	DecisionBody	POSITION	-42.334	0.8100002	79.96224
1531237514353	148	Joystick1	-0.6803855
1531237514354	148	DecisionBody	POSITION	-42.33399	0.8234169	80.17493
1531237514371	149	Joystick1	-0.6279812
1531237514371	149	DecisionBody	POSITION	-42.33398	0.8330401	80.38785
1531237514387	150	Joystick1	-0.5780402
1531237514404	151	Joystick1	-0.5277392
1531237514404	151	DecisionBody	POSITION	-42.33398	0.8381693	80.60108
1531237514421	152	Joystick1	-0.4779874
1531237514421	152	DecisionBody	POSITION	-42.33397	0.8392541	80.81459
1531237514437	153	Joystick1	-0.4288114
1531237514437	153	DecisionBody	POSITION	-42.33395	0.8371073	81.02832
1531237514454	154	Joystick1	-0.3778863
1531237514454	154	DecisionBody	POSITION	-42.33394	0.8316436	81.24228
1531237514471	155	Joystick1	-0.3282365
1531237514471	155	DecisionBody	POSITION	-42.33393	0.8231946	81.45644
1531237514486	156	Joystick1	-0.2799213
1531237514503	157	Joystick1	-0.2302593
1531237514504	157	DecisionBody	POSITION	-42.33392	0.8126391	81.67079
1531237514520	158	Joystick1	-0.1799972
1531237514520	158	DecisionBody	POSITION	-42.33391	0.8105279	81.88531
1531237514537	159	Joystick1	-0.1300144
1531237514537	159	DecisionBody	POSITION	-42.3339	0.8101057	82.09997
1531237514553	160	Joystick1	-0.08112025
1531237514553	160	DecisionBody	POSITION	-42.3339	0.834961	82.30912
1531237514571	161	Joystick1	-0.02853036
1531237514571	161	DecisionBody	POSITION	-42.33389	0.8537992	82.51896
1531237514587	162	Joystick0	-0.04997706
1531237514604	163	Joystick0	-0.09957004
1531237514604	163	DecisionBody	POSITION	-42.31228	0.8672219	82.70782
1531237514620	164	Joystick0	-0.1498622
1531237514621	164	DecisionBody	POSITION	-42.27124	0.8757707	82.87778
1531237514637	165	Joystick0	-0.1998628
1531237514637	165	DecisionBody	POSITION	-42.21273	0.8793735	83.03077
1531237514653	166	Joystick0	-0.2486701
1531237514654	166	DecisionBody	POSITION	-42.13848	0.8790843	83.16846
1531237514671	167	Joystick0	-0.3002372
1531237514671	167	DecisionBody	POSITION	-42.05006	0.8752925	83.29237
1531237514687	168	Joystick0	-0.3502378
1531237514704	169	Joystick0	-0.4001552
1531237514704	169	DecisionBody	POSITION	-41.94887	0.8683483	83.4039
1531237514721	170	Joystick0	-0.4502192
1531237514721	170	DecisionBody	POSITION	-41.8362	0.8585669	83.50427
1531237514737	171	Joystick0	-0.4003383
1531237514738	171	DecisionBody	POSITION	-41.71321	0.846232	83.59461
1531237514754	172	Joystick0	-0.3503222
1531237514754	172	DecisionBody	POSITION	-41.75064	0.831599	83.67592
1531237514770	173	Joystick0	-0.3014252
1531237514770	173	DecisionBody	POSITION	-41.76493	0.8163192	83.74667
1531237514787	174	Joystick0	-0.2512804
1531237514803	175	Joystick0	-0.2022604
1531237514804	175	DecisionBody	POSITION	-41.76099	0.8112639	83.81033
1531237514820	176	Joystick0	-0.1523495
1531237514820	176	DecisionBody	POSITION	-41.7602	0.8102529	83.86764
1531237514837	177	Joystick0	-0.1023391
1531237514837	177	DecisionBody	POSITION	-41.76004	0.8100507	83.91921
1531237514853	178	Joystick0	-0.05240715
1531237514854	178	DecisionBody	POSITION	-41.76001	0.8100103	83.96563
1531237514870	179	Joystick0	-0.0005671978
1531237514871	179	DecisionBody	POSITION	-41.76	0.8100021	84.0074
1531237514904	181	DecisionBody	POSITION	-41.76004	0.8100007	84.04499
1531237514921	182	DecisionBody	POSITION	-41.7612	0.8117851	84.07786
1531237514937	183	DecisionBody	POSITION	-41.76223	0.8122399	84.10722
1531237514954	184	DecisionBody	POSITION	-41.76317	0.8110417	84.1336
1531237514971	185	DecisionBody	POSITION	-41.76401	0.8093417	84.15739
1531237515004	187	DecisionBody	POSITION	-41.76476	0.8084533	84.17908
1531237515021	188	DecisionBody	POSITION	-41.76544	0.8096907	84.19856
1531237515153	196	Joystick0	0.04976106
1531237515153	196	DecisionBody	POSITION	-41.78704	0.8099381	84.19856
1531237515171	197	Joystick0	0.1027712
1531237515171	197	DecisionBody	POSITION	-41.82808	0.8099876	84.19856
1531237515187	198	Joystick0	0.1527629
1531237515204	199	Joystick0	0.2028569
1531237515204	199	DecisionBody	POSITION	-41.88662	0.8099976	84.19856
1531237515221	200	Joystick0	0.2521498
1531237515221	200	DecisionBody	POSITION	-41.9609	0.8099996	84.19856
1531237515237	201	Joystick0	0.2025987
1531237515237	201	DecisionBody	POSITION	-42.04935	0.8099999	84.19856
1531237515254	202	Joystick0	0.1523005
1531237515254	202	DecisionBody	POSITION	-42.15056	0.8100001	84.19856
1531237515270	203	Joystick0	0.1031846
1531237515270	203	DecisionBody	POSITION	-42.26325	0.8100001	84.19856
1531237515286	204	Joystick0	0.05333948
1531237515303	205	Joystick0	0.003671765
1531237515304	205	DecisionBody	POSITION	-42.38627	0.8100001	84.19856
1531237515320	206	DecisionBody	POSITION	-42.49699	0.8100001	84.19856
1531237515337	207	DecisionBody	POSITION	-42.59663	0.8100001	84.19856
1531237515354	208	DecisionBody	POSITION	-42.68631	0.8099999	84.19856
1531237515370	209	DecisionBody	POSITION	-42.76702	0.8099999	84.19856
1531237515404	211	DecisionBody	POSITION	-42.83844	0.8151841	84.1994
1531237515420	212	DecisionBody	POSITION	-42.90272	0.8163182	84.20016
1531237515437	213	DecisionBody	POSITION	-42.96057	0.8138072	84.20084
1531237515454	214	DecisionBody	POSITION	-43.01263	0.8080158	84.20145
1531237515471	215	DecisionBody	POSITION	-43.05818	0.8095867	84.20133
1531237515504	217	DecisionBody	POSITION	-43.09906	0.8099548	84.20106
1531237515521	218	DecisionBody	POSITION	-43.13567	0.8096149	84.20094
1531237515537	219	DecisionBody	POSITION	-43.16864	0.8092617	84.20097
1531237515554	220	DecisionBody	POSITION	-43.19833	0.8098522	84.20097
1531237515570	221	DecisionBody	POSITION	-43.22505	0.8099703	84.20097
1531237515604	223	DecisionBody	POSITION	-43.2491	0.809994	84.20097
1531237515620	224	DecisionBody	POSITION	-43.27074	0.8099988	84.20097
1531237515637	225	DecisionBody	POSITION	-43.29021	0.8099997	84.20098
1531237515921	242	Joystick1	-0.03324795
1531237515921	242	DecisionBody	POSITION	-43.29021	0.8099582	84.22259
1531237515938	243	Joystick1	-0.06684399
1531237515938	243	DecisionBody	POSITION	-43.29021	0.8081698	84.26371
1531237515954	244	Joystick1	-0.1001239
1531237515954	244	DecisionBody	POSITION	-43.29021	0.809634	84.32232
1531237515970	245	Joystick1	-0.132484
1531237515970	245	DecisionBody	POSITION	-43.29021	0.8099268	84.39667
1531237515986	246	Joystick1	-0.1655481
1531237516003	247	Joystick1	-0.198766
1531237516004	247	DecisionBody	POSITION	-43.29021	0.8099855	84.48518
1531237516020	248	Joystick1	-0.1488519
1531237516020	248	DecisionBody	POSITION	-43.29021	0.8099971	84.58645
1531237516037	249	Joystick1	-0.09921098
1531237516037	249	DecisionBody	POSITION	-43.29021	0.8099996	84.69919
1531237516053	250	Joystick1	-0.04931509
1531237516053	250	DecisionBody	POSITION	-43.29021	0.8100001	84.82225
1531237516070	251	DecisionBody	POSITION	-43.29021	0.8100001	84.93301
1531237516103	253	DecisionBody	POSITION	-43.29021	0.8100001	85.03268
1531237516120	254	DecisionBody	POSITION	-43.29021	0.8100001	85.1224
1531237516136	255	DecisionBody	POSITION	-43.29021	0.8100001	85.20314
1531237516153	256	DecisionBody	POSITION	-43.29021	0.8100001	85.27581
1531237516169	257	DecisionBody	POSITION	-43.29021	0.8100001	85.34121
1531237516203	259	DecisionBody	POSITION	-43.29021	0.8100001	85.40007
1531237516220	260	DecisionBody	POSITION	-43.29021	0.8100001	85.45305
1531237516237	261	DecisionBody	POSITION	-43.29021	0.8100001	85.50072
1531237516253	262	DecisionBody	POSITION	-43.29021	0.8100002	85.54363
1531237516270	263	DecisionBody	POSITION	-43.29021	0.8100001	85.58225
1531237516303	265	DecisionBody	POSITION	-43.29021	0.8100004	85.61701
1531237516320	266	DecisionBody	POSITION	-43.29021	0.8100004	85.64829
1531237516336	267	DecisionBody	POSITION	-43.29021	0.8100004	85.67645
1531237516353	268	DecisionBody	POSITION	-43.29021	0.8100004	85.70178
1531237516371	269	DecisionBody	POSITION	-43.29021	0.8100002	85.72459
1531237516404	271	DecisionBody	POSITION	-43.29021	0.8100002	85.74511
1531237516421	272	DecisionBody	POSITION	-43.29021	0.8100002	85.76358
1531237516454	274	Joystick1	-0.03298593
1531237516454	274	DecisionBody	POSITION	-43.29021	0.8100002	85.78518
1531237516471	275	Joystick1	-0.06690598
1531237516471	275	DecisionBody	POSITION	-43.29021	0.8100002	85.82622
1531237516486	276	Joystick1	-0.09936595
1531237516503	277	Joystick1	-0.132762
1531237516504	277	DecisionBody	POSITION	-43.29021	0.8100002	85.88474
1531237516520	278	Joystick1	-0.08354092
1531237516520	278	DecisionBody	POSITION	-43.2902	0.8177509	85.95663
1531237516536	279	Joystick1	-0.03390002
1531237516537	279	DecisionBody	POSITION	-43.2902	0.8211949	86.04293
1531237516553	280	DecisionBody	POSITION	-43.29019	0.820763	86.12061
1531237516570	281	DecisionBody	POSITION	-43.29019	0.8168426	86.19051
1531237516603	283	DecisionBody	POSITION	-43.29018	0.8113685	86.25343
1531237516620	284	DecisionBody	POSITION	-43.29018	0.8102737	86.31006
1531237516636	285	DecisionBody	POSITION	-43.29018	0.8100547	86.36102
1531237516653	286	DecisionBody	POSITION	-43.29017	0.810011	86.40689
1531237516670	287	DecisionBody	POSITION	-43.29017	0.8100023	86.44817
1531237516704	289	DecisionBody	POSITION	-43.29016	0.8100005	86.48533
1531237516720	290	DecisionBody	POSITION	-43.29016	0.8100002	86.51877
1531237516737	291	DecisionBody	POSITION	-43.29016	0.8100001	86.54886
1531237516753	292	DecisionBody	POSITION	-43.29016	0.8100002	86.57594
1531237516770	293	DecisionBody	POSITION	-43.29016	0.8100001	86.60032
1531237516803	295	DecisionBody	POSITION	-43.29016	0.8100002	86.62225
1531237516820	296	DecisionBody	POSITION	-43.29016	0.8100001	86.642
1531237516886	300	Joystick1	-0.0351119
1531237516903	301	Joystick1	-0.06833792
1531237516903	301	DecisionBody	POSITION	-43.29016	0.8100002	86.6636
1531237516920	302	Joystick1	-0.1018479
1531237516920	302	DecisionBody	POSITION	-43.29016	0.8100001	86.70464
1531237516937	303	Joystick1	-0.135076
1531237516937	303	DecisionBody	POSITION	-43.29016	0.8100002	86.76317
1531237516953	304	Joystick1	-0.168412
1531237516953	304	DecisionBody	POSITION	-43.29016	0.8100001	86.83745
1531237516970	305	Joystick1	-0.2010839
1531237516970	305	DecisionBody	POSITION	-43.29016	0.8100001	86.9259
1531237516986	306	Joystick1	-0.234834
1531237517003	307	Joystick1	-0.268208
1531237517003	307	DecisionBody	POSITION	-43.29016	0.8100001	87.02711
1531237517020	308	Joystick1	-0.2184112
1531237517020	308	DecisionBody	POSITION	-43.29016	0.8100001	87.1398
1531237517036	309	Joystick1	-0.1684012
1531237517037	309	DecisionBody	POSITION	-43.29016	0.8100001	87.26282
1531237517053	310	Joystick1	-0.11876
1531237517053	310	DecisionBody	POSITION	-43.29016	0.8100001	87.39513
1531237517071	311	Joystick1	-0.06584322
1531237517071	311	DecisionBody	POSITION	-43.29016	0.8100001	87.53582
1531237517087	312	Joystick1	-0.01577926
1531237517104	313	DecisionBody	POSITION	-43.29016	0.8100002	87.66244
1531237517121	314	DecisionBody	POSITION	-43.29016	0.8100002	87.77639
1531237517137	315	DecisionBody	POSITION	-43.29016	0.8100002	87.87895
1531237517154	316	DecisionBody	POSITION	-43.29016	0.8210445	87.96809
1531237517171	317	DecisionBody	POSITION	-43.29016	0.8274528	88.04832
1531237517204	319	DecisionBody	POSITION	-43.29016	0.8296887	88.12053
1531237517220	320	DecisionBody	POSITION	-43.29016	0.8281694	88.18552
1531237517237	321	DecisionBody	POSITION	-43.29016	0.8232704	88.244
1531237517253	322	DecisionBody	POSITION	-43.29016	0.8153297	88.29665
1531237517270	323	DecisionBody	POSITION	-43.29016	0.811066	88.34402
1531237517304	325	Joystick1	-0.03390598
1531237517304	325	DecisionBody	POSITION	-43.29016	0.8102132	88.40826
1531237517320	326	Joystick1	-0.06745005
1531237517321	326	DecisionBody	POSITION	-43.29016	0.8100427	88.48768
1531237517337	327	Joystick1	-0.1009319
1531237517337	327	DecisionBody	POSITION	-43.29016	0.8100085	88.58075
1531237517354	328	Joystick1	-0.1340899
1531237517354	328	DecisionBody	POSITION	-43.29016	0.8100019	88.68611
1531237517370	329	Joystick1	-0.1672919
1531237517370	329	DecisionBody	POSITION	-43.29016	0.8100005	88.80254
1531237517386	330	Joystick1	-0.1996479
1531237517403	331	Joystick1	-0.2329979
1531237517403	331	DecisionBody	POSITION	-43.29016	0.8100002	88.92893
1531237517435	332	Joystick1	-0.295604
1531237517435	332	DecisionBody	POSITION	-43.29016	0.8100001	89.20769
1531237517451	333	Joystick1	-0.3290379
1531237517451	333	DecisionBody	POSITION	-43.29016	0.8100001	89.35836
1531237517470	334	Joystick1	-0.3679719
1531237517471	334	DecisionBody	POSITION	-43.29016	0.8100001	89.51556
1531237517487	335	Joystick1	-0.401468
1531237517504	336	Joystick1	-0.4344718
1531237517504	336	DecisionBody	POSITION	-43.29016	0.8100001	89.67865
1531237517521	337	Joystick1	-0.4679139
1531237517521	337	DecisionBody	POSITION	-43.29016	0.8100003	89.84702
1531237517537	338	Joystick1	-0.5012219
1531237517537	338	DecisionBody	POSITION	-43.29016	0.8393342	90.01142
1531237517554	339	Joystick1	-0.5343859
1531237517554	339	DecisionBody	POSITION	-43.29016	0.8608519	90.18083
1531237517570	340	Joystick1	-0.5673459
1531237517570	340	DecisionBody	POSITION	-43.29016	0.8766862	90.3549
1531237517587	341	Joystick1	-0.6007199
1531237517604	342	Joystick1	-0.6340439
1531237517604	342	DecisionBody	POSITION	-43.29016	0.8874055	90.53317
1531237517620	343	Joystick1	-0.666966
1531237517620	343	DecisionBody	POSITION	-43.29016	0.8935212	90.71521
1531237517637	344	Joystick1	-0.7005379
1531237517637	344	DecisionBody	POSITION	-43.29016	0.8954938	90.90064
1531237517653	345	Joystick1	-0.7331641
1531237517653	345	DecisionBody	POSITION	-43.29016	0.8937376	91.08913
1531237517670	346	Joystick1	-0.7670739
1531237517670	346	DecisionBody	POSITION	-43.29016	0.8886253	91.28037
1531237517686	347	Joystick1	-0.7997339
1531237517703	348	Joystick1	-0.833096
1531237517703	348	DecisionBody	POSITION	-43.29016	0.8804927	91.47409
1531237517720	349	Joystick1	-0.866482
1531237517720	349	DecisionBody	POSITION	-43.29016	0.8696417	91.67004
1531237517736	350	Joystick1	-0.899498
1531237517737	350	DecisionBody	POSITION	-43.29016	0.8563443	91.86799
1531237517753	351	Joystick1	-0.9329059
1531237517753	351	DecisionBody	POSITION	-43.29016	0.840845	92.06774
1531237517770	352	Joystick1	-0.9661939
1531237517770	352	DecisionBody	POSITION	-43.29016	0.8197061	92.26804
1531237517786	353	Joystick1	-0.999192
1531237517804	354	Joystick1	-1
1531237517804	354	DecisionBody	POSITION	-43.29016	0.8119413	92.46992
1531237517820	355	Joystick1	-1
1531237517821	355	DecisionBody	POSITION	-43.29016	0.8103884	92.6732
1531237517837	356	Joystick1	-1
1531237517837	356	DecisionBody	POSITION	-43.29016	0.8100778	92.87776
1531237517854	357	Joystick1	-1
1531237517854	357	DecisionBody	POSITION	-43.29016	0.8100156	93.08347
1531237517870	358	Joystick1	-1
1531237517870	358	DecisionBody	POSITION	-43.29016	0.8100033	93.2902
1531237517887	359	Joystick1	-1
1531237517904	360	Joystick1	-1
1531237517904	360	DecisionBody	POSITION	-43.29016	0.8100008	93.49786
1531237517920	361	Joystick1	-1
1531237517921	361	DecisionBody	POSITION	-43.29016	0.8100003	93.70634
1531237517937	362	Joystick1	-1
1531237517937	362	DecisionBody	POSITION	-43.29016	0.8100002	93.91559
1531237517954	363	Joystick1	-1
1531237517954	363	DecisionBody	POSITION	-43.29016	0.841518	94.11932
1531237517970	364	Joystick1	-1
1531237517970	364	DecisionBody	POSITION	-43.29016	0.8685157	94.3239
1531237517986	365	Joystick1	-1
1531237518003	366	Joystick1	-1
1531237518003	366	DecisionBody	POSITION	-43.29016	0.8892819	94.52962
1531237518020	367	Joystick1	-1
1531237518020	367	DecisionBody	POSITION	-43.29016	0.90444	94.73638
1531237518036	368	Joystick1	-1
1531237518037	368	DecisionBody	POSITION	-43.29016	0.9145506	94.94406
1531237518053	369	Joystick1	-1
1531237518054	369	DecisionBody	POSITION	-43.29016	0.9106266	95.15174
1531237518070	370	Joystick1	-1
1531237518070	370	DecisionBody	POSITION	-43.29016	0.9027786	95.35942
1531237518086	371	Joystick1	-1
1531237518103	372	Joystick1	-1
1531237518103	372	DecisionBody	POSITION	-43.29016	0.8921838	95.56793
1531237518120	373	Joystick1	-1
1531237518120	373	DecisionBody	POSITION	-43.29016	0.8791168	95.77719
1531237518136	374	Joystick1	-1
1531237518137	374	DecisionBody	POSITION	-43.29016	0.863825	95.98712
1531237518153	375	Joystick1	-1
1531237518153	375	DecisionBody	POSITION	-43.29016	0.8465308	96.19766
1531237518170	376	Joystick1	-1
1531237518170	376	DecisionBody	POSITION	-43.29016	0.8274344	96.40874
1531237518187	377	Joystick1	-1
1531237518204	378	Joystick1	-1
1531237518204	378	DecisionBody	POSITION	-43.29016	0.8134869	96.62032
1531237518220	379	Joystick1	-1
1531237518220	379	DecisionBody	POSITION	-43.29016	0.8106975	96.83234
1531237518237	380	Joystick1	-1
1531237518237	380	DecisionBody	POSITION	-43.29016	0.8101396	97.04476
1531237518254	381	Joystick1	-1
1531237518254	381	DecisionBody	POSITION	-43.29016	0.8100281	97.25754
1531237518271	382	Joystick1	-1
1531237518271	382	DecisionBody	POSITION	-43.29016	0.8100057	97.47063
1531237518287	383	Joystick1	-1
1531237518304	384	Joystick1	-1
1531237518304	384	DecisionBody	POSITION	-43.29016	0.8100013	97.68402
1531237518321	385	Joystick1	-1
1531237518321	385	DecisionBody	POSITION	-43.29016	0.8100004	97.89767
1531237518337	386	Joystick1	-1
1531237518337	386	DecisionBody	POSITION	-43.29016	0.8323213	98.1079
1531237518355	387	Joystick1	-1
1531237518355	387	DecisionBody	POSITION	-43.29016	0.8494093	98.31877
1531237518371	388	Joystick1	-1
1531237518372	388	DecisionBody	POSITION	-43.29016	0.861257	98.53015
1531237518388	389	Joystick1	-1
1531237518405	390	Joystick1	-1
1531237518405	390	DecisionBody	POSITION	-43.29016	0.8683882	98.742
1531237518421	391	Joystick1	-1
1531237518421	391	DecisionBody	POSITION	-43.29016	0.8712747	98.95425
1531237518438	392	Joystick1	-1
1531237518438	392	DecisionBody	POSITION	-43.29016	0.8703409	99.16689
1531237518454	393	Joystick1	-1
1531237518454	393	DecisionBody	POSITION	-43.29016	0.865969	99.37985
1531237518471	394	Joystick1	-1
1531237518471	394	DecisionBody	POSITION	-43.29016	0.8585026	99.59312
1531237518487	395	Joystick1	-0.9503319
1531237518504	396	Joystick1	-0.9002501
1531237518504	396	DecisionBody	POSITION	-43.29016	0.8482513	99.80667
1531237518521	397	Joystick1	-0.8502491
1531237518521	397	DecisionBody	POSITION	-43.29016	0.8354935	100.0205
1531237518537	398	Joystick1	-0.8004129
1531237518537	398	DecisionBody	POSITION	-43.29016	0.8217508	100.2343
1531237518554	399	Joystick1	-0.7503371
1531237518554	399	DecisionBody	POSITION	-43.29016	0.8268148	100.4478
1531237518570	400	Joystick1	-0.7014791
1531237518570	400	DecisionBody	POSITION	-43.29016	0.8278409	100.6615
1531237518586	401	Joystick1	-0.6515321
1531237518603	402	Joystick1	-0.6016301
1531237518604	402	DecisionBody	POSITION	-43.29016	0.8252328	100.8754
1531237518620	403	Joystick1	-0.5516441
1531237518620	403	DecisionBody	POSITION	-43.29016	0.8155802	101.0883
1531237518637	404	Joystick1	-0.5016341
1531237518637	404	DecisionBody	POSITION	-43.29016	0.8179467	101.3017
1531237518654	405	Joystick1	-0.448693
1531237518655	405	DecisionBody	POSITION	-43.29016	0.81959	101.5153
1531237518671	406	Joystick1	-0.3985361
1531237518671	406	DecisionBody	POSITION	-43.29016	0.8269628	101.7288
1531237518687	407	Joystick1	-0.3487661
1531237518704	408	Joystick1	-0.2989389
1531237518704	408	DecisionBody	POSITION	-43.29016	0.8566353	101.9368
1531237518721	409	Joystick1	-0.2488599
1531237518721	409	DecisionBody	POSITION	-43.29015	0.8805451	102.1456
1531237518738	410	Joystick1	-0.1987659
1531237518738	410	DecisionBody	POSITION	-43.29014	0.8985322	102.3551
1531237518754	411	Joystick1	-0.1499139
1531237518754	411	DecisionBody	POSITION	-43.29013	0.9086558	102.5647
1531237518771	412	Joystick1	-0.09901595
1531237518771	412	DecisionBody	POSITION	-43.29012	0.9154841	102.7749
1531237518787	413	Joystick1	-0.05087209
1531237518804	414	Joystick1	-0.0008231401
1531237518804	414	DecisionBody	POSITION	-43.29012	0.918098	102.9856
1531237518820	415	DecisionBody	POSITION	-43.29011	0.9169189	103.1753
1531237518837	416	DecisionBody	POSITION	-43.2901	0.9143376	103.3649
1531237518854	417	DecisionBody	POSITION	-43.2901	0.9084829	103.5356
1531237518870	418	DecisionBody	POSITION	-43.29009	0.899682	103.6892
1531237518903	420	DecisionBody	POSITION	-43.29009	0.8882297	103.8274
1531237518920	421	DecisionBody	POSITION	-43.29008	0.8743909	103.9519
1531237518937	422	DecisionBody	POSITION	-43.29008	0.8584045	104.0639
1531237518953	423	DecisionBody	POSITION	-43.29008	0.840485	104.1646
1531237518970	424	Joystick0	0.05155206
1531237518970	424	DecisionBody	POSITION	-43.31096	0.8208259	104.2553
1531237518987	425	Joystick0	0.101562
1531237519004	426	Joystick0	0.151449
1531237519004	426	DecisionBody	POSITION	-43.35135	0.8201657	104.337
1531237519020	427	Joystick0	0.2015072
1531237519021	427	DecisionBody	POSITION	-43.40931	0.8200338	104.4105
1531237519037	428	Joystick0	0.25146
1531237519037	428	DecisionBody	POSITION	-43.48306	0.8200074	104.4766
1531237519054	429	Joystick0	0.3010712
1531237519054	429	DecisionBody	POSITION	-43.57104	0.8200021	104.5361
1531237519070	430	Joystick0	0.3505139
1531237519070	430	DecisionBody	POSITION	-43.67183	0.8200008	104.5896
1531237519086	431	Joystick0	0.4003801
1531237519103	432	Joystick0	0.4503483
1531237519104	432	DecisionBody	POSITION	-43.78413	0.8200005	104.6378
1531237519120	433	Joystick0	0.5004122
1531237519120	433	DecisionBody	POSITION	-43.9068	0.8200004	104.6812
1531237519137	434	Joystick0	0.5503321
1531237519137	434	DecisionBody	POSITION	-44.03832	0.821647	104.7203
1531237519154	435	Joystick0	0.6023791
1531237519154	435	DecisionBody	POSITION	-44.17819	0.8234775	104.7554
1531237519171	436	Joystick0	0.652428
1531237519171	436	DecisionBody	POSITION	-44.32568	0.8215933	104.787
1531237519187	437	Joystick0	0.7021801
1531237519204	438	Joystick0	0.7521629
1531237519204	438	DecisionBody	POSITION	-44.47993	0.8203188	104.8155
1531237519220	439	Joystick0	0.8013811
1531237519221	439	DecisionBody	POSITION	-44.64036	0.8200638	104.8411
1531237519237	440	Joystick0	0.852048
1531237519237	440	DecisionBody	POSITION	-44.80635	0.8200127	104.8642
1531237519255	441	Joystick0	0.9037349
1531237519255	441	DecisionBody	POSITION	-44.97734	0.8200024	104.885
1531237519271	442	Joystick0	0.9537992
1531237519271	442	DecisionBody	POSITION	-45.14903	0.8407056	104.9036
1531237519287	443	Joystick0	1
1531237519304	444	Joystick0	1
1531237519305	444	DecisionBody	POSITION	-45.32515	0.8556279	104.9205
1531237519321	445	Joystick0	0.951049
1531237519321	445	DecisionBody	POSITION	-45.50525	0.8655264	104.9356
1531237519338	446	Joystick0	0.9000909
1531237519338	446	DecisionBody	POSITION	-45.68885	0.8718591	104.9492
1531237519354	447	Joystick0	0.850396
1531237519355	447	DecisionBody	POSITION	-45.87569	0.8740268	104.9614
1531237519370	448	Joystick0	0.801955
1531237519371	448	DecisionBody	POSITION	-46.06545	0.8724462	104.9724
1531237519387	449	Joystick0	0.7518402
1531237519404	450	Joystick0	0.7020459
1531237519404	450	DecisionBody	POSITION	-46.25766	0.8689761	104.9823
1531237519420	451	Joystick0	0.6522191
1531237519421	451	DecisionBody	POSITION	-46.45224	0.8623214	104.9912
1531237519437	452	Joystick0	0.6021762
1531237519437	452	DecisionBody	POSITION	-46.64815	0.8528007	104.9993
1531237519453	453	Joystick0	0.5534201
1531237519453	453	DecisionBody	POSITION	-46.84538	0.8407003	105.0065
1531237519470	454	Joystick0	0.5024652
1531237519470	454	DecisionBody	POSITION	-47.0439	0.8262784	105.013
1531237519487	455	Joystick0	0.4524159
1531237519504	456	Joystick0	0.402661
1531237519504	456	DecisionBody	POSITION	-47.24369	0.8179808	105.0177
1531237519520	457	Joystick0	0.3525702
1531237519520	457	DecisionBody	POSITION	-47.44467	0.8165737	105.0207
1531237519537	458	Joystick0	0.302641
1531237519537	458	DecisionBody	POSITION	-47.64677	0.8164715	105.0228
1531237519554	459	Joystick0	0.2526672
1531237519554	459	DecisionBody	POSITION	-47.84753	0.8367482	105.0266
1531237519570	460	Joystick0	0.2027169
1531237519570	460	DecisionBody	POSITION	-48.04981	0.8514656	105.0299
1531237519586	461	Joystick0	0.1545312
1531237519603	462	Joystick0	0.1044819
1531237519603	462	DecisionBody	POSITION	-48.25346	0.861188	105.033
1531237519620	463	Joystick0	0.05452311
1531237519620	463	DecisionBody	POSITION	-48.45835	0.8664065	105.0357
1531237519636	464	Joystick0	0.004570007
1531237519636	464	DecisionBody	POSITION	-48.66433	0.8680132	105.0382
1531237519653	465	DecisionBody	POSITION	-48.84971	0.8659276	105.0404
1531237519670	466	DecisionBody	POSITION	-49.01656	0.860519	105.0424
1531237519703	468	DecisionBody	POSITION	-49.16671	0.8521196	105.0442
1531237519720	469	DecisionBody	POSITION	-49.30186	0.8410286	105.0458
1531237519737	470	DecisionBody	POSITION	-49.42348	0.8275151	105.0472
1531237519754	471	DecisionBody	POSITION	-49.53295	0.8118213	105.0485
1531237519770	472	DecisionBody	POSITION	-49.63147	0.7941654	105.0497
1531237519804	474	DecisionBody	POSITION	-49.71698	0.7985659	105.0506
1531237519821	475	DecisionBody	POSITION	-49.79393	0.7989948	105.0514
1531237519837	476	DecisionBody	POSITION	-49.86319	0.7958493	105.0521
1531237519854	477	DecisionBody	POSITION	-49.92553	0.7910772	105.0528
1531237519871	478	DecisionBody	POSITION	-49.98046	0.7937692	105.0531
1531237519904	480	DecisionBody	POSITION	-49.98009	0.7926605	105.0535
1531237520004	486	Joystick0	-0.04937696
1531237520004	486	DecisionBody	POSITION	-49.98001	0.7905318	105.0535
1531237520021	487	Joystick0	-0.09913802
1531237520021	487	DecisionBody	POSITION	-49.98	0.7901062	105.0535
1531237520037	488	Joystick0	-0.1496519
1531237520037	488	DecisionBody	POSITION	-49.97998	0.7900211	105.0535
1531237520054	489	Joystick0	-0.1991007
1531237520054	489	DecisionBody	POSITION	-49.95892	0.7907043	105.0534
1531237520071	490	Joystick0	-0.249336
1531237520071	490	DecisionBody	POSITION	-49.91882	0.7928486	105.0533
1531237520087	491	Joystick0	-0.2994057
1531237520104	492	Joystick0	-0.349347
1531237520104	492	DecisionBody	POSITION	-49.86113	0.791302	105.0532
1531237520121	493	Joystick0	-0.3992279
1531237520121	493	DecisionBody	POSITION	-49.78771	0.7901712	105.0531
1531237520138	494	Joystick0	-0.4492167
1531237520138	494	DecisionBody	POSITION	-49.70197	0.7998201	105.0528
1531237520154	495	Joystick0	-0.4991487
1531237520154	495	DecisionBody	POSITION	-49.60321	0.8049725	105.0525
1531237520171	496	Joystick0	-0.5493747
1531237520171	496	DecisionBody	POSITION	-49.49273	0.8060426	105.0522
1531237520187	497	Joystick0	-0.59937
1531237520204	498	Joystick0	-0.6493378
1531237520204	498	DecisionBody	POSITION	-49.37171	0.8035283	105.052
1531237520221	499	Joystick0	-0.6990988
1531237520221	499	DecisionBody	POSITION	-49.2412	0.798008	105.0518
1531237520238	500	Joystick0	-0.7492257
1531237520238	500	DecisionBody	POSITION	-49.10223	0.792724	105.0519
1531237520255	501	Joystick0	-0.8017287
1531237520255	501	DecisionBody	POSITION	-48.97368	0.8369532	105.0521
1531237520271	502	Joystick0	-0.8518438
1531237520271	502	DecisionBody	POSITION	-48.83572	0.8719401	105.0522
1531237520287	503	Joystick0	-0.9017547
1531237520304	504	Joystick0	-0.9517107
1531237520305	504	DecisionBody	POSITION	-48.68996	0.8998966	105.0523
1531237520321	505	Joystick0	-1
1531237520321	505	DecisionBody	POSITION	-48.53717	0.9215259	105.0525
1531237520338	506	Joystick0	-1
1531237520338	506	DecisionBody	POSITION	-48.38439	0.9176019	105.0526
1531237520354	507	Joystick0	-1
1531237520354	507	DecisionBody	POSITION	-48.2253	0.9109791	105.0527
1531237520371	508	Joystick0	-1
1531237520371	508	DecisionBody	POSITION	-48.06051	0.9014872	105.0528
1531237520387	509	Joystick0	-1
1531237520404	510	Joystick0	-1
1531237520404	510	DecisionBody	POSITION	-47.89061	0.8894128	105.0528
1531237520421	511	Joystick0	-1
1531237520421	511	DecisionBody	POSITION	-47.71609	0.8750143	105.0529
1531237520437	512	Joystick0	-1
1531237520438	512	DecisionBody	POSITION	-47.53758	0.8598762	105.053
1531237520454	513	Joystick0	-1
1531237520454	513	DecisionBody	POSITION	-47.3554	0.8427203	105.053
1531237520471	514	Joystick0	-1
1531237520471	514	DecisionBody	POSITION	-47.16994	0.8237484	105.0531
1531237520487	515	Joystick0	-1
1531237520504	516	Joystick0	-1
1531237520504	516	DecisionBody	POSITION	-46.98151	0.8200304	105.0526
1531237520520	517	Joystick0	-1
1531237520521	517	DecisionBody	POSITION	-46.79042	0.8192568	105.0521
1531237520537	518	Joystick0	-1
1531237520537	518	DecisionBody	POSITION	-46.59694	0.8190703	105.0514
1531237520554	519	Joystick0	-1
1531237520554	519	DecisionBody	POSITION	-46.4013	0.818998	105.0507
1531237520570	520	Joystick0	-1
1531237520570	520	DecisionBody	POSITION	-46.2099	0.8460431	105.0542
1531237520587	521	Joystick0	-1
1531237520604	522	Joystick0	-1
1531237520605	522	DecisionBody	POSITION	-46.01604	0.8671817	105.0573
1531237520621	523	Joystick0	-1
1531237520621	523	DecisionBody	POSITION	-45.82058	0.8854704	105.0601
1531237520638	524	Joystick0	-1
1531237520638	524	DecisionBody	POSITION	-45.62308	0.8983986	105.0626
1531237520654	525	Joystick0	-1
1531237520654	525	DecisionBody	POSITION	-45.42372	0.9065024	105.0649
1531237520672	526	Joystick0	-1
1531237520672	526	DecisionBody	POSITION	-45.22279	0.9093314	105.067
1531237520688	527	Joystick0	-1
1531237520705	528	Joystick0	-1
1531237520705	528	DecisionBody	POSITION	-45.02035	0.9083459	105.0688
1531237520721	529	Joystick0	-1
1531237520722	529	DecisionBody	POSITION	-44.81668	0.902652	105.0705
1531237520738	530	Joystick0	-1
1531237520739	530	DecisionBody	POSITION	-44.61179	0.8939958	105.072
1531237520755	531	Joystick0	-1
1531237520755	531	DecisionBody	POSITION	-44.40578	0.8826737	105.0734
1531237520771	532	Joystick0	-1
1531237520771	532	DecisionBody	POSITION	-44.19886	0.8700213	105.0746
1531237520787	533	Joystick0	-1
1531237520804	534	Joystick0	-1
1531237520805	534	DecisionBody	POSITION	-43.99104	0.8551026	105.0757
1531237520821	535	Joystick0	-1
1531237520821	535	DecisionBody	POSITION	-43.78289	0.8356382	105.0766
1531237520837	536	Joystick0	-1
1531237520838	536	DecisionBody	POSITION	-43.57398	0.8231282	105.0775
1531237520854	537	Joystick0	-1
1531237520855	537	DecisionBody	POSITION	-43.3642	0.8151897	105.0783
1531237520871	538	Joystick0	-1
1531237520871	538	DecisionBody	POSITION	-43.1538	0.8190263	105.0788
1531237520887	539	Joystick0	-1
1531237520904	540	Joystick0	-1
1531237520904	540	DecisionBody	POSITION	-42.94284	0.8197961	105.0792
1531237520920	541	Joystick0	-1
1531237520921	541	DecisionBody	POSITION	-42.73138	0.8199522	105.0796
1531237520937	542	Joystick0	-1
1531237520937	542	DecisionBody	POSITION	-42.51947	0.8199849	105.08
1531237520954	543	Joystick0	-1
1531237520954	543	DecisionBody	POSITION	-42.3168	0.8568417	105.08
1531237520970	544	Joystick0	-1
1531237520970	544	DecisionBody	POSITION	-42.11283	0.8871689	105.0801
1531237520987	545	Joystick0	-1
1531237521004	546	Joystick0	-1
1531237521004	546	DecisionBody	POSITION	-41.90766	0.9109318	105.0801
1531237521020	547	Joystick0	-1
1531237521020	547	DecisionBody	POSITION	-41.7014	0.9287868	105.0802
1531237521037	548	Joystick0	-1
1531237521037	548	DecisionBody	POSITION	-41.49515	0.9248628	105.0802
1531237521053	549	Joystick0	-1
1531237521054	549	DecisionBody	POSITION	-41.2889	0.9170148	105.0803
1531237521070	550	Joystick0	-1
1531237521070	550	DecisionBody	POSITION	-41.08167	0.90642	105.0803
1531237521087	551	Joystick0	-1
1531237521104	552	Joystick0	-1
1531237521104	552	DecisionBody	POSITION	-40.87356	0.893353	105.0803
1531237521120	553	Joystick0	-1
1531237521120	553	DecisionBody	POSITION	-40.66467	0.8780612	105.0804
1531237521137	554	Joystick0	-1
1531237521137	554	DecisionBody	POSITION	-40.45516	0.861876	105.0804
1531237521154	555	Joystick0	-1
1531237521154	555	DecisionBody	POSITION	-40.24501	0.8435588	105.0805
1531237521170	556	Joystick0	-1
1531237521170	556	DecisionBody	POSITION	-40.03428	0.8235418	105.0805
1531237521186	557	Joystick0	-1
1531237521203	558	Joystick0	-1
1531237521204	558	DecisionBody	POSITION	-39.8359	0.8555673	105.0805
1531237521220	559	Joystick0	-1
1531237521220	559	DecisionBody	POSITION	-39.63578	0.8815383	105.0806
1531237521237	560	Joystick0	-1
1531237521237	560	DecisionBody	POSITION	-39.43413	0.9021477	105.0806
1531237521253	561	Joystick0	-1
1531237521254	561	DecisionBody	POSITION	-39.23104	0.9171644	105.0806
1531237521270	562	Joystick0	-1
1531237521270	562	DecisionBody	POSITION	-39.02666	0.927148	105.0806
1531237521287	563	Joystick0	-1
1531237521304	564	Joystick0	-1
1531237521304	564	DecisionBody	POSITION	-38.82228	0.9232243	105.0807
1531237521320	565	Joystick0	-1
1531237521320	565	DecisionBody	POSITION	-38.6179	0.9153766	105.0808
1531237521337	566	Joystick0	-1
1531237521337	566	DecisionBody	POSITION	-38.41236	0.9047821	105.0808
1531237521353	567	Joystick0	-1
1531237521354	567	DecisionBody	POSITION	-38.20578	0.8914719	105.0809
1531237521370	568	Joystick0	-1
1531237521370	568	DecisionBody	POSITION	-37.99827	0.8755178	105.0809
1531237521387	569	Joystick0	-1
1531237521404	570	Joystick0	-1
1531237521404	570	DecisionBody	POSITION	-37.79005	0.8589298	105.081
1531237521420	571	Joystick0	-1
1531237521420	571	DecisionBody	POSITION	-37.58105	0.8404689	105.081
1531237521437	572	Joystick0	-1
1531237521437	572	DecisionBody	POSITION	-37.37135	0.8203225	105.0811
1531237521454	573	Joystick0	-1
1531237521454	573	DecisionBody	POSITION	-37.16101	0.8200659	105.0811
1531237521470	574	Joystick0	-1
1531237521470	574	DecisionBody	POSITION	-36.95511	0.8431584	105.0761
1531237521486	575	Joystick0	-1
1531237521503	576	Joystick0	-1
1531237521503	576	DecisionBody	POSITION	-36.74996	0.855811	105.0716
1531237521520	577	Joystick0	-1
1531237521520	577	DecisionBody	POSITION	-36.5438	0.8637194	105.0675
1531237521537	578	Joystick0	-1
1531237521537	578	DecisionBody	POSITION	-36.33665	0.8673054	105.0638
1531237521554	579	Joystick0	-1
1531237521554	579	DecisionBody	POSITION	-36.12866	0.8670012	105.0606
1531237521571	580	Joystick0	-1
1531237521571	580	DecisionBody	POSITION	-35.91991	0.8627772	105.0576
1531237521587	581	Joystick0	-1
1531237521604	582	Joystick0	-1
1531237521604	582	DecisionBody	POSITION	-35.71051	0.8563143	105.0549
1531237521621	583	Joystick0	-1
1531237521621	583	DecisionBody	POSITION	-35.70571	0.846966	105.0533
1531237521637	584	Joystick0	-1
1531237521637	584	DecisionBody	POSITION	-35.70473	0.835021	105.052
1531237521654	585	Joystick0	-1
1531237521654	585	DecisionBody	POSITION	-35.70452	0.8207389	105.0508
1531237521670	586	Joystick0	-1
1531237521670	586	DecisionBody	POSITION	-35.70447	0.8043534	105.0498
1531237521686	587	Joystick0	-1
1531237521704	588	Joystick0	-1
1531237521704	588	DecisionBody	POSITION	-35.70443	0.7928482	105.0486
1531237521721	589	Joystick0	-1
1531237521721	589	DecisionBody	POSITION	-35.70443	0.7905616	105.0474
1531237521737	590	Joystick0	-1
1531237521737	590	DecisionBody	POSITION	-35.70441	0.7901034	105.0462
1531237521754	591	Joystick0	-1
1531237521754	591	DecisionBody	POSITION	-35.7044	0.7900105	105.0451
1531237521771	592	Joystick0	-1
1531237521771	592	DecisionBody	POSITION	-35.70439	0.7899905	105.044
1531237521787	593	Joystick0	-1
1531237521804	594	Joystick0	-1
1531237521804	594	DecisionBody	POSITION	-35.70437	0.789985	105.043
1531237521821	595	Joystick0	-1
1531237521821	595	DecisionBody	POSITION	-35.70436	0.789982	105.0419
1531237521837	596	Joystick0	-1
1531237521838	596	DecisionBody	POSITION	-35.70435	0.7899791	105.0407
1531237521854	597	Joystick0	-1
1531237521854	597	DecisionBody	POSITION	-35.70433	0.7899758	105.0395
1531237521871	598	Joystick0	-1
1531237521871	598	DecisionBody	POSITION	-35.70432	0.7899718	105.0382
1531237521886	599	Joystick0	-1
1531237521904	600	Joystick0	-1
1531237521904	600	DecisionBody	POSITION	-35.7043	0.7900254	105.037
1531237521920	601	Joystick0	-1
1531237521920	601	DecisionBody	POSITION	-35.70428	0.7900332	105.0358
1531237521937	602	Joystick0	-1
1531237521937	602	DecisionBody	POSITION	-35.70427	0.7900326	105.0346
1531237521953	603	Joystick0	-1
1531237521953	603	DecisionBody	POSITION	-35.70425	0.790031	105.0334
1531237521970	604	Joystick0	-1
1531237521970	604	DecisionBody	POSITION	-35.70424	0.7900294	105.0322
1531237521986	605	Joystick0	-0.9485981
1531237522004	606	Joystick0	-0.8986719
1531237522004	606	DecisionBody	POSITION	-35.70422	0.7899659	105.0308
1531237522020	607	Joystick0	-0.848551
1531237522020	607	DecisionBody	POSITION	-35.7042	0.7900164	105.0293
1531237522037	608	Joystick0	-0.798589
1531237522037	608	DecisionBody	POSITION	-35.70418	0.7900243	105.0277
1531237522054	609	Joystick0	-0.7486448
1531237522054	609	DecisionBody	POSITION	-35.70415	0.7899448	105.0259
1531237522070	610	Joystick0	-0.6975369
1531237522070	610	DecisionBody	POSITION	-35.70421	0.7899249	105.0242
1531237522086	611	Joystick0	-0.6475481
1531237522104	612	Joystick0	-0.597733
1531237522104	612	Joystick1	0.03321004
1531237522104	612	DecisionBody	POSITION	-35.70411	0.7898656	105.0211
1531237522120	613	Joystick0	-0.5479959
1531237522120	613	Joystick1	0.0663681
1531237522121	613	DecisionBody	POSITION	-35.70403	0.7897257	105.0153
1531237522137	614	Joystick0	-0.497815
1531237522137	614	Joystick1	0.09982204
1531237522137	614	DecisionBody	POSITION	-35.70391	0.7903305	105.0057
1531237522154	615	Joystick0	-0.447775
1531237522154	615	Joystick1	0.133182
1531237522154	615	DecisionBody	POSITION	-35.70374	0.7897945	104.9907
1531237522170	616	Joystick0	-0.3979871
1531237522170	616	Joystick1	0.166374
1531237522171	616	DecisionBody	POSITION	-35.70286	0.7901419	104.9681
1531237522186	617	Joystick0	-0.3480909
1531237522186	617	Joystick1	0.1996381
1531237522203	618	Joystick0	-0.298372
1531237522203	618	Joystick1	0.232784
1531237522204	618	DecisionBody	POSITION	-35.7031	0.7898077	104.9479
1531237522220	619	Joystick0	-0.2484221
1531237522220	619	Joystick1	0.266084
1531237522220	619	DecisionBody	POSITION	-35.70298	0.7900687	104.9299
1531237522237	620	Joystick0	-0.198253
1531237522237	620	Joystick1	0.29953
1531237522237	620	DecisionBody	POSITION	-35.70286	0.7902911	104.9138
1531237522254	621	Joystick0	-0.148252
1531237522254	621	Joystick1	0.332864
1531237522254	621	DecisionBody	POSITION	-35.70242	0.7916749	104.8801
1531237522271	622	Joystick0	-0.09673285
1531237522271	622	Joystick1	0.3672101
1531237522271	622	DecisionBody	POSITION	-35.7018	0.7918435	104.8289
1531237522287	623	Joystick0	-0.04669285
1531237522287	623	Joystick1	0.4005702
1531237522304	624	Joystick1	0.4339101
1531237522304	624	DecisionBody	POSITION	-35.70112	0.7952778	104.762
1531237522321	625	Joystick1	0.466898
1531237522321	625	DecisionBody	POSITION	-35.70045	0.7976313	104.6806
1531237522337	626	Joystick1	0.5004621
1531237522338	626	DecisionBody	POSITION	-35.69983	0.7981795	104.5858
1531237522354	627	Joystick1	0.5337601
1531237522354	627	DecisionBody	POSITION	-35.69941	0.8020303	104.4799
1531237522370	628	Joystick1	0.567034
1531237522371	628	DecisionBody	POSITION	-35.69903	0.8204778	104.3665
1531237522387	629	Joystick1	0.6004062
1531237522404	630	Joystick1	0.6336441
1531237522404	630	DecisionBody	POSITION	-35.69868	0.8333839	104.2429
1531237522420	631	Joystick1	0.6665361
1531237522420	631	DecisionBody	POSITION	-35.69838	0.8414677	104.11
1531237522437	632	Joystick1	0.700222
1531237522437	632	DecisionBody	POSITION	-35.6981	0.8452116	103.9688
1531237522454	633	Joystick1	0.7346342
1531237522454	633	DecisionBody	POSITION	-35.69785	0.8460988	103.8203
1531237522471	634	Joystick1	0.7679081
1531237522471	634	DecisionBody	POSITION	-35.69763	0.8437133	103.665
1531237522487	635	Joystick1	0.801158
1531237522504	636	Joystick1	0.8345261
1531237522504	636	DecisionBody	POSITION	-35.69743	0.836015	103.5039
1531237522521	637	Joystick1	0.8676882
1531237522521	637	DecisionBody	POSITION	-35.69725	0.8255262	103.3374
1531237522538	638	Joystick1	0.9011621
1531237522538	638	DecisionBody	POSITION	-35.69709	0.8126746	103.1659
1531237522554	639	Joystick1	0.934412
1531237522554	639	DecisionBody	POSITION	-35.69695	0.7975767	102.99
1531237522571	640	Joystick0	-0.048774
1531237522571	640	Joystick1	0.966928
1531237522571	640	DecisionBody	POSITION	-35.69484	0.8131565	102.8147
1531237522586	641	Joystick0	-0.09867024
1531237522586	641	Joystick1	1
1531237522604	642	Joystick0	-0.1487192
1531237522604	642	Joystick1	1
1531237522604	642	DecisionBody	POSITION	-35.68976	0.8247764	102.6357
1531237522620	643	Joystick0	-0.1986719
1531237522620	643	Joystick1	1
1531237522621	643	DecisionBody	POSITION	-35.68098	0.8320485	102.4534
1531237522637	644	Joystick0	-0.2485499
1531237522637	644	Joystick1	1
1531237522637	644	DecisionBody	POSITION	-35.67266	0.8377581	102.269
1531237522653	645	Joystick0	-0.2985452
1531237522653	645	Joystick1	1
1531237522654	645	DecisionBody	POSITION	-35.6692	0.8393651	102.0822
1531237522670	646	Joystick0	-0.3483989
1531237522670	646	Joystick1	1
1531237522670	646	DecisionBody	POSITION	-35.66669	0.8372782	101.8935
1531237522686	647	Joystick0	-0.3984032
1531237522686	647	Joystick1	1
1531237522703	648	Joystick0	-0.4482629
1531237522703	648	Joystick1	1
1531237522704	648	DecisionBody	POSITION	-35.66438	0.8318684	101.704
1531237522720	649	Joystick0	-0.4978981
1531237522720	649	Joystick1	1
1531237522720	649	DecisionBody	POSITION	-35.66209	0.8230714	101.5139
1531237522737	650	Joystick0	-0.5482142
1531237522737	650	Joystick1	1
1531237522737	650	DecisionBody	POSITION	-35.65981	0.811527	101.3238
1531237522753	651	Joystick0	-0.597741
1531237522753	651	Joystick1	1
1531237522754	651	DecisionBody	POSITION	-35.65754	0.7974532	101.134
1531237522770	652	Joystick0	-0.6478772
1531237522770	652	Joystick1	1
1531237522770	652	DecisionBody	POSITION	-35.65556	0.8141263	100.9685
1531237522786	653	Joystick0	-0.6968311
1531237522786	653	Joystick1	1
1531237522803	654	Joystick0	-0.7469852
1531237522803	654	Joystick1	1
1531237522803	654	DecisionBody	POSITION	-35.65357	0.8250846	100.8021
1531237522820	655	Joystick0	-0.7968031
1531237522820	655	Joystick1	1
1531237522820	655	DecisionBody	POSITION	-35.65157	0.8320127	100.6354
1531237522836	656	Joystick0	-0.8462073
1531237522836	656	Joystick1	1
1531237522836	656	DecisionBody	POSITION	-35.64958	0.8342507	100.4688
1531237522853	657	Joystick0	-0.896715
1531237522853	657	Joystick1	1
1531237522853	657	DecisionBody	POSITION	-35.65016	0.8351878	100.5178
1531237522870	658	Joystick0	-0.948972
1531237522870	658	Joystick1	1
1531237522870	658	DecisionBody	POSITION	-35.65028	0.8327419	100.5276
1531237522887	659	Joystick0	-0.99909
1531237522887	659	Joystick1	1
1531237522904	660	Joystick0	-1
1531237522904	660	Joystick1	1
1531237522904	660	DecisionBody	POSITION	-35.6503	0.827033	100.5295
1531237522920	661	Joystick0	-1
1531237522920	661	Joystick1	1
1531237522920	661	DecisionBody	POSITION	-35.65031	0.8183658	100.5299
1531237522937	662	Joystick0	-1
1531237522937	662	Joystick1	1
1531237522937	662	DecisionBody	POSITION	-35.65031	0.8070338	100.53
1531237522953	663	Joystick0	-1
1531237522953	663	Joystick1	1
1531237522954	663	DecisionBody	POSITION	-35.65031	0.7934012	100.5301
1531237522970	664	Joystick0	-1
1531237522970	664	Joystick1	1
1531237522970	664	DecisionBody	POSITION	-35.65031	0.7906836	100.53
1531237522986	665	Joystick0	-1
1531237522986	665	Joystick1	1
1531237523004	666	Joystick0	-1
1531237523004	666	Joystick1	1
1531237523004	666	DecisionBody	POSITION	-35.65031	0.7901309	100.53
1531237523020	667	Joystick0	-1
1531237523020	667	Joystick1	1
1531237523020	667	DecisionBody	POSITION	-35.65031	0.7900186	100.53
1531237523037	668	Joystick0	-1
1531237523037	668	Joystick1	1
1531237523037	668	DecisionBody	POSITION	-35.65031	0.7902184	100.53
1531237523054	669	Joystick0	-1
1531237523054	669	Joystick1	1
1531237523054	669	DecisionBody	POSITION	-35.65031	0.7906988	100.53
1531237523070	670	Joystick0	-1
1531237523070	670	Joystick1	1
1531237523070	670	DecisionBody	POSITION	-35.65031	0.791432	100.53
1531237523086	671	Joystick0	-1
1531237523086	671	Joystick1	1
1531237523103	672	Joystick0	-1
1531237523103	672	Joystick1	1
1531237523103	672	DecisionBody	POSITION	-35.65031	0.7923927	100.53
1531237523120	673	Joystick0	-1
1531237523120	673	Joystick1	1
1531237523120	673	DecisionBody	POSITION	-35.65031	0.793558	100.53
1531237523136	674	Joystick0	-1
1531237523136	674	Joystick1	1
1531237523137	674	DecisionBody	POSITION	-35.65031	0.7949076	100.53
1531237523155	675	Joystick0	-1
1531237523155	675	Joystick1	1
1531237523155	675	DecisionBody	POSITION	-35.65031	0.796423	100.53
1531237523171	676	Joystick0	-1
1531237523171	676	Joystick1	1
1531237523171	676	DecisionBody	POSITION	-35.65031	0.7980875	100.53
1531237523187	677	Joystick0	-1
1531237523187	677	Joystick1	0.9501431
1531237523205	678	Joystick0	-1
1531237523205	678	Joystick1	0.900607
1531237523205	678	DecisionBody	POSITION	-35.65031	0.7996733	100.53
1531237523221	679	Joystick0	-1
1531237523221	679	Joystick1	0.8508581
1531237523221	679	DecisionBody	POSITION	-35.65031	0.8010696	100.53
1531237523238	680	Joystick0	-0.9501939
1531237523238	680	Joystick1	0.801052
1531237523238	680	DecisionBody	POSITION	-35.65031	0.802276	100.53
1531237523254	681	Joystick0	-0.900631
1531237523254	681	Joystick1	0.751489
1531237523254	681	DecisionBody	POSITION	-35.65031	0.8032898	100.53
1531237523271	682	Joystick0	-0.8508188
1531237523271	682	Joystick1	0.7016768
1531237523271	682	DecisionBody	POSITION	-35.65031	0.8041055	100.53
1531237523286	683	Joystick0	-0.8007609
1531237523287	683	Joystick1	0.651619
1531237523304	684	Joystick0	-0.7508049
1531237523304	684	DecisionBody	POSITION	-35.65031	0.8013081	100.53
1531237523321	685	Joystick0	-0.7008818
1531237523321	685	Joystick1	-0.03328204
1531237523321	685	DecisionBody	POSITION	-35.65032	0.7950068	100.5306
1531237523337	686	Joystick0	-0.651001
1531237523337	686	Joystick1	-0.06653595
1531237523337	686	DecisionBody	POSITION	-35.65034	0.7908685	100.533
1531237523353	687	Joystick0	-0.6019988
1531237523353	687	Joystick1	-0.09920406
1531237523354	687	DecisionBody	POSITION	-35.65051	0.7900618	100.5349
1531237523371	688	Joystick0	-0.5506538
1531237523371	688	Joystick1	-0.1334341
1531237523371	688	DecisionBody	POSITION	-35.65047	0.7899206	100.5414
1531237523387	689	Joystick0	-0.500524
1531237523387	689	Joystick1	-0.1668539
1531237523404	690	Joystick0	-0.4510598
1531237523404	690	Joystick1	-0.1998301
1531237523404	690	DecisionBody	POSITION	-35.65062	0.7902092	100.5556
1531237523421	691	Joystick0	-0.4006808
1531237523421	691	Joystick1	-0.2334161
1531237523421	691	DecisionBody	POSITION	-35.6509	0.7897628	100.579
1531237523437	692	Joystick0	-0.3507431
1531237523437	692	Joystick1	-0.2667079
1531237523438	692	DecisionBody	POSITION	-35.65129	0.7918351	100.6119
1531237523454	693	Joystick0	-0.3007749
1531237523454	693	Joystick1	-0.30002
1531237523454	693	DecisionBody	POSITION	-35.65182	0.7914882	100.6565
1531237523471	694	Joystick0	-0.2510439
1531237523471	694	Joystick1	-0.333174
1531237523471	694	DecisionBody	POSITION	-35.6525	0.7945329	100.7128
1531237523486	695	Joystick0	-0.2009678
1531237523486	695	Joystick1	-0.3665581
1531237523504	696	Joystick0	-0.1511527
1531237523504	696	Joystick1	-0.3997681
1531237523504	696	DecisionBody	POSITION	-35.65314	0.7948819	100.7633
1531237523521	697	Joystick0	-0.1011038
1531237523521	697	Joystick1	-0.4331341
1531237523521	697	DecisionBody	POSITION	-35.6539	0.7917466	100.8296
1531237523537	698	Joystick0	-0.1503305
1531237523537	698	Joystick1	-0.4659519
1531237523537	698	DecisionBody	POSITION	-35.65484	0.7896864	100.9099
1531237523554	699	Joystick0	-0.2032655
1531237523554	699	Joystick1	-0.5012419
1531237523555	699	DecisionBody	POSITION	-35.66168	0.7946652	100.9794
1531237523571	700	Joystick0	-0.2533027
1531237523572	700	Joystick1	-0.5346
1531237523572	700	DecisionBody	POSITION	-35.65859	0.7957815	101.0615
1531237523587	701	Joystick0	-0.3030638
1531237523587	701	Joystick1	-0.5677741
1531237523605	702	Joystick0	-0.3532296
1531237523605	702	Joystick1	-0.601218
1531237523605	702	DecisionBody	POSITION	-35.65815	0.8006101	101.1527
1531237523621	703	Joystick0	-0.4030476
1531237523621	703	Joystick1	-0.6344299
1531237523622	703	DecisionBody	POSITION	-35.65904	0.8004864	101.2529
1531237523638	704	Joystick0	-0.4530157
1531237523638	704	Joystick1	-0.667742
1531237523638	704	DecisionBody	POSITION	-35.66026	0.8035932	101.3598
1531237523655	705	Joystick0	-0.5030167
1531237523655	705	Joystick1	-0.701076
1531237523655	705	DecisionBody	POSITION	-35.66161	0.801883	101.4734
1531237523671	706	Joystick0	-0.5529065
1531237523671	706	Joystick1	-0.7343359
1531237523671	706	DecisionBody	POSITION	-35.66302	0.8045828	101.5917
1531237523687	707	Joystick0	-0.6028718
1531237523687	707	Joystick1	-0.7676461
1531237523704	708	Joystick0	-0.6529268
1531237523704	708	Joystick1	-0.8010161
1531237523704	708	DecisionBody	POSITION	-35.66443	0.8234344	101.7093
1531237523721	709	Joystick0	-0.7025945
1531237523721	709	Joystick1	-0.8341279
1531237523721	709	DecisionBody	POSITION	-35.66589	0.8370334	101.8314
1531237523737	710	Joystick0	-0.7517376
1531237523737	710	Joystick1	-0.86689
1531237523737	710	DecisionBody	POSITION	-35.6674	0.8451807	101.9575
1531237523754	711	Joystick0	-0.8026896
1531237523754	711	Joystick1	-0.9008579
1531237523754	711	DecisionBody	POSITION	-35.66895	0.8487681	102.0869
1531237523770	712	Joystick0	-0.8510466
1531237523770	712	Joystick1	-0.9330959
1531237523770	712	DecisionBody	POSITION	-35.67053	0.8484651	102.2191
1531237523786	713	Joystick0	-0.9009696
1531237523786	713	Joystick1	-0.966378
1531237523803	714	Joystick0	-0.9508208
1531237523803	714	Joystick1	-0.9996121
1531237523804	714	DecisionBody	POSITION	-35.67214	0.8446609	102.3536
1531237523820	715	Joystick0	-1
1531237523820	715	Joystick1	-1
1531237523820	715	DecisionBody	POSITION	-35.67377	0.8382322	102.4897
1531237523837	716	Joystick0	-1
1531237523837	716	Joystick1	-1
1531237523837	716	DecisionBody	POSITION	-35.6754	0.8259798	102.6261
1531237523853	717	Joystick0	-1
1531237523853	717	Joystick1	-1
1531237523853	717	DecisionBody	POSITION	-35.69612	0.8105504	102.7557
1531237523871	718	Joystick0	-1
1531237523871	718	Joystick1	-1
1531237523871	718	DecisionBody	POSITION	-35.69947	0.7931324	102.8877
1531237523886	719	Joystick0	-1
1531237523886	719	Joystick1	-1
1531237523904	720	Joystick0	-1
1531237523904	720	Joystick1	-1
1531237523904	720	DecisionBody	POSITION	-35.68887	0.7993602	103.0197
1531237523920	721	Joystick0	-1
1531237523920	721	Joystick1	-1
1531237523921	721	DecisionBody	POSITION	-35.68347	0.8014336	103.1536
1531237523937	722	Joystick0	-1
1531237523937	722	Joystick1	-1
1531237523937	722	DecisionBody	POSITION	-35.68369	0.7985771	103.289
1531237523954	723	Joystick0	-1
1531237523954	723	Joystick1	-1
1531237523954	723	DecisionBody	POSITION	-35.68504	0.8014081	103.4252
1531237523971	724	Joystick0	-1
1531237523971	724	Joystick1	-1
1531237523971	724	DecisionBody	POSITION	-35.68663	0.8025374	103.5627
1531237523987	725	Joystick0	-1
1531237523987	725	Joystick1	-1
1531237524004	726	Joystick0	-1
1531237524004	726	Joystick1	-1
1531237524004	726	DecisionBody	POSITION	-35.68818	0.8275726	103.6933
1531237524020	727	Joystick0	-1
1531237524020	727	Joystick1	-1
1531237524021	727	DecisionBody	POSITION	-35.68977	0.8471488	103.826
1531237524037	728	Joystick0	-1
1531237524037	728	Joystick1	-1
1531237524037	728	DecisionBody	POSITION	-35.70629	0.860816	103.9557
1531237524053	729	Joystick0	-1
1531237524053	729	Joystick1	-1
1531237524054	729	DecisionBody	POSITION	-35.7059	0.8692531	104.0877
1531237524070	730	Joystick0	-1
1531237524070	730	Joystick1	-1
1531237524070	730	DecisionBody	POSITION	-35.69712	0.8733149	104.2217
1531237524086	731	Joystick0	-1
1531237524086	731	Joystick1	-1
1531237524103	732	Joystick0	-1
1531237524103	732	Joystick1	-1
1531237524103	732	DecisionBody	POSITION	-35.69667	0.8734388	104.3573
1531237524119	733	Joystick0	-1
1531237524119	733	Joystick1	-1
1531237524120	733	DecisionBody	POSITION	-35.6979	0.8703891	104.4944
1531237524144	734	Joystick0	-1
1531237524144	734	Joystick1	-1
1531237524144	734	DecisionBody	POSITION	-35.69946	0.8610591	104.6316
1531237524171	735	Joystick0	-1
1531237524171	735	Joystick1	-1
1531237524171	735	DecisionBody	POSITION	-35.70277	0.834381	104.9099
1531237524186	736	Joystick0	-1
1531237524186	736	Joystick1	-1
1531237524204	737	Joystick0	-1
1531237524204	737	Joystick1	-1
1531237524204	737	DecisionBody	POSITION	-35.72448	0.8179907	105.042
1531237524220	738	Joystick0	-1
1531237524220	738	Joystick1	-1
1531237524221	738	DecisionBody	POSITION	-35.72878	0.8001874	105.1761
1531237524237	739	Joystick0	-1
1531237524237	739	Joystick1	-1
1531237524237	739	DecisionBody	POSITION	-35.71802	0.7976944	105.3113
1531237524255	740	Joystick0	-1
1531237524255	740	Joystick1	-1
1531237524255	740	DecisionBody	POSITION	-35.7113	0.7941364	105.448
1531237524271	741	Joystick0	-1
1531237524271	741	Joystick1	-1
1531237524271	741	DecisionBody	POSITION	-35.71128	0.7928984	105.5859
1531237524287	742	Joystick0	-1
1531237524287	742	Joystick1	-1
1531237524304	743	Joystick0	-1
1531237524304	743	Joystick1	-1
1531237524305	743	DecisionBody	POSITION	-35.71249	0.8247035	105.7155
1531237524321	744	Joystick0	-1
1531237524321	744	Joystick1	-1
1531237524321	744	DecisionBody	POSITION	-35.714	0.8491991	105.8473
1531237524337	745	Joystick0	-1
1531237524337	745	Joystick1	-1
1531237524338	745	DecisionBody	POSITION	-35.7156	0.8677135	105.981
1531237524354	746	Joystick0	-1
1531237524354	746	Joystick1	-1
1531237524354	746	DecisionBody	POSITION	-35.71721	0.8808448	106.1165
1531237524371	747	Joystick0	-1
1531237524371	747	Joystick1	-1
1531237524371	747	DecisionBody	POSITION	-35.71885	0.8891314	106.2535
1531237524387	748	Joystick0	-1
1531237524387	748	Joystick1	-1
1531237524404	749	Joystick0	-1
1531237524404	749	Joystick1	-1
1531237524404	749	DecisionBody	POSITION	-35.72051	0.8930578	106.3919
1531237524421	750	Joystick0	-1
1531237524421	750	Joystick1	-1
1531237524421	750	DecisionBody	POSITION	-35.722	0.8930599	106.5164
1531237524437	751	Joystick0	-1
1531237524437	751	Joystick1	-1
1531237524438	751	DecisionBody	POSITION	-35.7235	0.885952	106.6418
1531237524454	752	Joystick0	-1
1531237524454	752	Joystick1	-1
1531237524454	752	DecisionBody	POSITION	-35.7393	0.8760233	106.7504
1531237524471	753	Joystick0	-1
1531237524471	753	Joystick1	-1
1531237524471	753	DecisionBody	POSITION	-35.73834	0.8623843	106.8632
1531237524486	754	Joystick0	-1
1531237524486	754	Joystick1	-1
1531237524504	755	Joystick0	-1
1531237524504	755	Joystick1	-1
1531237524504	755	DecisionBody	POSITION	-35.72999	0.8463938	106.98
1531237524520	756	Joystick0	-1
1531237524520	756	Joystick1	-1
1531237524521	756	DecisionBody	POSITION	-35.72947	0.828544	107.1001
1531237524537	757	Joystick0	-1
1531237524537	757	Joystick1	-1
1531237524537	757	DecisionBody	POSITION	-35.73056	0.8098824	107.2232
1531237524554	758	Joystick0	-1
1531237524554	758	Joystick1	-1
1531237524554	758	DecisionBody	POSITION	-35.73199	0.7909178	107.3489
1531237524571	759	Joystick0	-1
1531237524571	759	Joystick1	-1
1531237524571	759	DecisionBody	POSITION	-35.73347	0.8011068	107.4743
1531237524586	760	Joystick0	-1
1531237524586	760	Joystick1	-1
1531237524603	761	Joystick0	-1
1531237524603	761	Joystick1	-1
1531237524603	761	DecisionBody	POSITION	-35.735	0.806771	107.6021
1531237524620	762	Joystick0	-1
1531237524620	762	Joystick1	-1
1531237524620	762	DecisionBody	POSITION	-35.73637	0.8221521	107.7144
1531237524636	763	Joystick0	-1
1531237524636	763	Joystick1	-1
1531237524636	763	DecisionBody	POSITION	-35.73774	0.8324634	107.8305
1531237524653	764	Joystick0	-1
1531237524653	764	Joystick1	-1
1531237524653	764	DecisionBody	POSITION	-35.73916	0.8376544	107.9501
1531237524670	765	Joystick0	-1
1531237524670	765	Joystick1	-1
1531237524670	765	DecisionBody	POSITION	-35.72518	0.8385038	108.073
1531237524686	766	Joystick0	-1
1531237524686	766	Joystick1	-1
1531237524703	767	Joystick0	-1
1531237524703	767	Joystick1	-1
1531237524704	767	DecisionBody	POSITION	-35.69737	0.8366218	108.1987
1531237524720	768	Joystick0	-1
1531237524720	768	Joystick1	-1
1531237524720	768	DecisionBody	POSITION	-35.71866	0.8310842	108.3222
1531237524737	769	Joystick0	-1
1531237524737	769	Joystick1	-1
1531237524737	769	DecisionBody	POSITION	-35.72508	0.8225111	108.4487
1531237524753	770	Joystick0	-1
1531237524753	770	Joystick1	-1
1531237524754	770	DecisionBody	POSITION	-35.74337	0.8072786	108.5717
1531237524771	771	Joystick0	-1
1531237524771	771	Joystick1	-1
1531237524771	771	DecisionBody	POSITION	-35.74466	0.7955477	108.6975
1531237524786	772	Joystick0	-1
1531237524786	772	Joystick1	-1
1531237524804	773	Joystick0	-1
1531237524804	773	Joystick1	-1
1531237524804	773	DecisionBody	POSITION	-35.74672	0.7941441	108.8248
1531237524821	774	Joystick0	-1
1531237524821	774	Joystick1	-1
1531237524821	774	DecisionBody	POSITION	-35.75268	0.7999336	108.9524
1531237524837	775	Joystick0	-1
1531237524837	775	Joystick1	-1
1531237524837	775	DecisionBody	POSITION	-35.77436	0.7987543	109.0738
1531237524855	776	Joystick0	-1
1531237524855	776	Joystick1	-1
1531237524855	776	DecisionBody	POSITION	-35.77858	0.8026506	109.1974
1531237524871	777	Joystick0	-1
1531237524871	777	Joystick1	-1
1531237524871	777	DecisionBody	POSITION	-35.7752	0.8039711	109.3233
1531237524887	778	Joystick0	-1
1531237524887	778	Joystick1	-1
1531237524904	779	Joystick0	-1
1531237524904	779	Joystick1	-1
1531237524905	779	DecisionBody	POSITION	-35.77993	0.8000825	109.4506
1531237524921	780	Joystick0	-1
1531237524921	780	Joystick1	-1
1531237524921	780	DecisionBody	POSITION	-35.80318	0.7949843	109.572
1531237524938	781	Joystick0	-1
1531237524938	781	Joystick1	-1
1531237524938	781	DecisionBody	POSITION	-35.81572	0.8189502	109.6903
1531237524954	782	Joystick0	-1
1531237524954	782	Joystick1	-1
1531237524954	782	DecisionBody	POSITION	-35.81189	0.8306069	109.8128
1531237524971	783	Joystick0	-1
1531237524971	783	Joystick1	-1
1531237524971	783	DecisionBody	POSITION	-35.80858	0.8374321	109.9375
1531237524987	784	Joystick0	-1
1531237524987	784	Joystick1	-1
1531237525005	785	Joystick0	-1
1531237525005	785	Joystick1	-1
1531237525005	785	DecisionBody	POSITION	-35.83278	0.8400431	110.0508
1531237525021	786	Joystick0	-1
1531237525021	786	Joystick1	-1
1531237525021	786	DecisionBody	POSITION	-35.83893	0.8388615	110.1671
1531237525038	787	Joystick0	-1
1531237525038	787	Joystick1	-1
1531237525038	787	DecisionBody	POSITION	-35.83307	0.8342664	110.2868
1531237525054	788	Joystick0	-1
1531237525054	788	Joystick1	-1
1531237525054	788	DecisionBody	POSITION	-35.83721	0.826968	110.4084
1531237525070	789	Joystick0	-1
1531237525070	789	Joystick1	-1
1531237525070	789	DecisionBody	POSITION	-35.87621	0.8144934	110.4103
1531237525087	790	Joystick0	-1
1531237525087	790	Joystick1	-1
1531237525104	791	Joystick0	-1
1531237525104	791	Joystick1	-1
1531237525104	791	DecisionBody	POSITION	-35.90759	0.8040624	110.4197
1531237525120	792	Joystick0	-1
1531237525120	792	Joystick1	-1
1531237525121	792	DecisionBody	POSITION	-35.92709	0.8007288	110.4303
1531237525137	793	Joystick0	-1
1531237525137	793	Joystick1	-1
1531237525137	793	DecisionBody	POSITION	-35.93896	0.798391	110.437
1531237525154	794	Joystick0	-1
1531237525154	794	Joystick1	-1
1531237525154	794	DecisionBody	POSITION	-35.94466	0.7973406	110.4404
1531237525170	795	Joystick0	-1
1531237525170	795	Joystick1	-1
1531237525170	795	DecisionBody	POSITION	-35.9451	0.7971268	110.4407
1531237525186	796	Joystick0	-1
1531237525186	796	Joystick1	-1
1531237525204	797	Joystick0	-1
1531237525204	797	Joystick1	-1
1531237525204	797	DecisionBody	POSITION	-35.9408	0.7975845	110.4384
1531237525220	798	Joystick0	-1
1531237525220	798	Joystick1	-1
1531237525221	798	DecisionBody	POSITION	-35.93196	0.7985814	110.4337
1531237525237	799	Joystick0	-1
1531237525237	799	Joystick1	-1
1531237525237	799	DecisionBody	POSITION	-35.91843	0.799835	110.4268
1531237525253	800	Joystick0	-1
1531237525253	800	Joystick1	-1
1531237525253	800	DecisionBody	POSITION	-35.89993	0.8015864	110.4183
1531237525270	801	Joystick0	-1
1531237525270	801	Joystick1	-1
1531237525271	801	DecisionBody	POSITION	-35.87575	0.8028891	110.4085
1531237525287	802	Joystick0	-1
1531237525287	802	Joystick1	-1
1531237525304	803	Joystick0	-1
1531237525304	803	Joystick1	-1
1531237525304	803	DecisionBody	POSITION	-35.84697	0.8050634	110.3964
1531237525321	804	Joystick0	-1
1531237525321	804	Joystick1	-1
1531237525321	804	DecisionBody	POSITION	-35.83794	0.8056751	110.3926
1531237525337	805	Joystick0	-1
1531237525337	805	Joystick1	-1
1531237525337	805	DecisionBody	POSITION	-35.83613	0.8058395	110.3919
1531237525354	806	Joystick0	-1
1531237525354	806	Joystick1	-1
1531237525354	806	DecisionBody	POSITION	-35.83577	0.8058835	110.3917
1531237525371	807	Joystick0	-1
1531237525371	807	Joystick1	-1
1531237525371	807	DecisionBody	POSITION	-35.8357	0.8058947	110.3917
1531237525387	808	Joystick0	-1
1531237525387	808	Joystick1	-1
1531237525404	809	Joystick0	-1
1531237525404	809	Joystick1	-1
1531237525404	809	DecisionBody	POSITION	-35.83569	0.8058975	110.3917
1531237525421	810	Joystick0	-1
1531237525421	810	Joystick1	-1
1531237525438	811	Joystick0	-1
1531237525438	811	Joystick1	-1
1531237525454	812	Joystick0	-1
1531237525454	812	Joystick1	-1
1531237525471	813	Joystick0	-1
1531237525471	813	Joystick1	-1
1531237525487	814	Joystick0	-1
1531237525487	814	Joystick1	-1
1531237525504	815	Joystick0	-1
1531237525504	815	Joystick1	-1
1531237525521	816	Joystick0	-1
1531237525521	816	Joystick1	-1
1531237525537	817	Joystick0	-1
1531237525537	817	Joystick1	-1
1531237525554	818	Joystick0	-1
1531237525554	818	Joystick1	-0.9494321
1531237525571	819	Joystick0	-1
1531237525571	819	Joystick1	-0.8993499
1531237525587	820	Joystick0	-1
1531237525587	820	Joystick1	-0.8494809
1531237525604	821	Joystick0	-1
1531237525604	821	Joystick1	-0.799477
1531237525621	822	Joystick0	-1
1531237525621	822	Joystick1	-0.7495031
1531237525638	823	Joystick0	-1
1531237525638	823	Joystick1	-0.6997242
1531237525654	824	Joystick0	-0.9503409
1531237525654	824	Joystick1	-0.6500651
1531237525671	825	Joystick0	-0.9004568
1531237525671	825	Joystick1	-0.600181
1531237525687	826	Joystick0	-0.850474
1531237525687	826	Joystick1	-0.5501982
1531237525704	827	Joystick0	-0.8007069
1531237525704	827	Joystick1	-0.5004311
1531237525721	828	Joystick0	-0.7504777
1531237525721	828	Joystick1	-0.4502019
1531237525737	829	Joystick0	-0.700501
1531237525737	829	Joystick1	-0.4002252
1531237525754	830	Joystick0	-0.6507188
1531237525754	830	Joystick1	-0.350443
1531237525770	831	Joystick0	-0.601903
1531237525770	831	Joystick1	-0.3016272
1531237525786	832	Joystick0	-0.5516977
1531237525786	832	Joystick1	-0.2514219
1531237525804	833	Joystick0	-0.5020089
1531237525804	833	Joystick1	-0.2017331
1531237525820	834	Joystick0	-0.4519839
1531237525820	834	Joystick1	-0.1517081
1531237525837	835	Joystick0	-0.4019707
1531237525837	835	Joystick1	-0.1016949
1531237525854	836	Joystick0	-0.3500947
1531237525854	836	Joystick1	-0.04981887
1531237525871	837	Joystick0	-0.3001148
1531237525871	837	DecisionBody	POSITION	-35.83564	0.805981	110.3909
1531237525887	838	Joystick0	-0.2501588
1531237525904	839	Joystick0	-0.2002089
1531237525904	839	DecisionBody	POSITION	-35.83556	0.8061475	110.3895
1531237525921	840	Joystick0	-0.1502497
1531237525921	840	DecisionBody	POSITION	-35.83545	0.8063868	110.3874
1531237525937	841	Joystick0	-0.1002877
1531237525938	841	DecisionBody	POSITION	-35.8353	0.8066869	110.3848
1531237525954	842	Joystick0	-0.1505973
1531237525954	842	DecisionBody	POSITION	-35.83513	0.8070336	110.3816
1531237525971	843	Joystick0	-0.2006674
1531237525971	843	DecisionBody	POSITION	-35.83493	0.8074129	110.3779
1531237525987	844	Joystick0	-0.2506384
1531237526004	845	Joystick0	-0.3000214
1531237526004	845	DecisionBody	POSITION	-35.8347	0.8078114	110.3737
1531237526021	846	Joystick0	-0.3504755
1531237526021	846	DecisionBody	POSITION	-35.83445	0.8082151	110.369
1531237526038	847	Joystick0	-0.4004644
1531237526038	847	DecisionBody	POSITION	-35.83416	0.8086097	110.3639
1531237526054	848	Joystick0	-0.4506546
1531237526054	848	DecisionBody	POSITION	-35.83386	0.8089797	110.3583
1531237526071	849	Joystick0	-0.5007186
1531237526071	849	DecisionBody	POSITION	-35.83353	0.8093097	110.3522
1531237526087	850	Joystick0	-0.5507793
1531237526104	851	Joystick0	-0.6004953
1531237526104	851	DecisionBody	POSITION	-35.83318	0.8095831	110.3457
1531237526121	852	Joystick0	-0.6500196
1531237526121	852	DecisionBody	POSITION	-35.8328	0.8097799	110.3387
1531237526138	853	Joystick0	-0.7004316
1531237526138	853	DecisionBody	POSITION	-35.83239	0.8098838	110.3313
1531237526154	854	Joystick0	-0.7501655
1531237526154	854	DecisionBody	POSITION	-35.83196	0.809879	110.3233
1531237526170	855	Joystick0	-0.7986695
1531237526170	855	DecisionBody	POSITION	-35.83151	0.8097904	110.315
1531237526186	856	Joystick0	-0.8486286
1531237526204	857	Joystick0	-0.8985964
1531237526204	857	DecisionBody	POSITION	-35.83103	0.809666	110.3062
1531237526220	858	Joystick0	-0.9485434
1531237526220	858	DecisionBody	POSITION	-35.83053	0.8096415	110.297
1531237526237	859	Joystick0	-0.9982716
1531237526237	859	DecisionBody	POSITION	-35.83001	0.8095077	110.2873
1531237526253	860	Joystick0	-1
1531237526254	860	DecisionBody	POSITION	-35.82946	0.8093369	110.2773
1531237526270	861	Joystick0	-1
1531237526270	861	DecisionBody	POSITION	-35.82891	0.8098671	110.2672
1531237526286	862	Joystick0	-1
1531237526303	863	Joystick0	-1
1531237526303	863	DecisionBody	POSITION	-35.82835	0.8099732	110.2568
1531237526320	864	Joystick0	-1
1531237526320	864	DecisionBody	POSITION	-35.82778	0.8099943	110.2464
1531237526336	865	Joystick0	-1
1531237526337	865	DecisionBody	POSITION	-35.8272	0.8099986	110.2358
1531237526353	866	Joystick0	-1
1531237526353	866	DecisionBody	POSITION	-35.82662	0.8099995	110.2251
1531237526370	867	Joystick0	-1
1531237526370	867	DecisionBody	POSITION	-35.82603	0.8099996	110.2143
1531237526386	868	Joystick0	-1
1531237526404	869	Joystick0	-1
1531237526404	869	DecisionBody	POSITION	-35.82544	0.8099996	110.2034
1531237526420	870	Joystick0	-1
1531237526420	870	DecisionBody	POSITION	-35.82485	0.8099996	110.1925
1531237526437	871	Joystick0	-1
1531237526437	871	DecisionBody	POSITION	-35.82425	0.8099996	110.1814
1531237526454	872	Joystick0	-1
1531237526454	872	DecisionBody	POSITION	-35.82365	0.8099996	110.1703
1531237526471	873	Joystick0	-1
1531237526471	873	DecisionBody	POSITION	-35.82304	0.8099996	110.1591
1531237526487	874	Joystick0	-1
1531237526504	875	Joystick0	-1
1531237526504	875	DecisionBody	POSITION	-35.82243	0.8099996	110.1479
1531237526521	876	Joystick0	-1
1531237526521	876	DecisionBody	POSITION	-35.82182	0.8099996	110.1367
1531237526537	877	Joystick0	-1
1531237526538	877	DecisionBody	POSITION	-35.82128	0.8099996	110.1269
1531237526554	878	Joystick0	-1
1531237526554	878	DecisionBody	POSITION	-35.82086	0.8099996	110.119
1531237526570	879	Joystick0	-1
1531237526570	879	DecisionBody	POSITION	-35.82059	0.8099996	110.1141
1531237526586	880	Joystick0	-1
1531237526603	881	Joystick0	-1
1531237526604	881	DecisionBody	POSITION	-35.82047	0.8099996	110.1118
1531237526620	882	Joystick0	-1
1531237526620	882	DecisionBody	POSITION	-35.82046	0.8099996	110.1118
1531237526637	883	Joystick0	-1
1531237526637	883	DecisionBody	POSITION	-35.82055	0.8099996	110.1133
1531237526654	884	Joystick0	-1
1531237526654	884	DecisionBody	POSITION	-35.82069	0.8099996	110.1159
1531237526670	885	Joystick0	-1
1531237526670	885	DecisionBody	POSITION	-35.82085	0.8099996	110.1189
1531237526686	886	Joystick0	-1
1531237526703	887	Joystick0	-1
1531237526704	887	DecisionBody	POSITION	-35.821	0.8099996	110.1217
1531237526720	888	Joystick0	-1
1531237526720	888	DecisionBody	POSITION	-35.82113	0.8099996	110.1241
1531237526737	889	Joystick0	-1
1531237526737	889	DecisionBody	POSITION	-35.82122	0.8099996	110.1256
1531237526754	890	Joystick0	-1
1531237526754	890	DecisionBody	POSITION	-35.82126	0.8099996	110.1264
1531237526771	891	Joystick0	-1
1531237526771	891	DecisionBody	POSITION	-35.82126	0.8099996	110.1265
1531237526787	892	Joystick0	-1
1531237526804	893	Joystick0	-1
1531237526804	893	DecisionBody	POSITION	-35.82124	0.8099996	110.126
1531237526821	894	Joystick0	-1
1531237526821	894	DecisionBody	POSITION	-35.82119	0.8099996	110.1252
1531237526837	895	Joystick0	-1
1531237526837	895	DecisionBody	POSITION	-35.82114	0.8099996	110.1243
1531237526854	896	Joystick0	-1
1531237526854	896	DecisionBody	POSITION	-35.8211	0.8099996	110.1235
1531237526871	897	Joystick0	-1
1531237526871	897	DecisionBody	POSITION	-35.82106	0.8099996	110.1228
1531237526887	898	Joystick0	-1
1531237526904	899	Joystick0	-1
1531237526904	899	DecisionBody	POSITION	-35.82104	0.8099996	110.1224
1531237526921	900	Joystick0	-1
1531237526921	900	DecisionBody	POSITION	-35.82104	0.8099996	110.1224
1531237526938	901	Joystick0	-1
1531237526938	901	DecisionBody	POSITION	-35.82104	0.8099996	110.1225
1531237526954	902	Joystick0	-1
1531237526954	902	DecisionBody	POSITION	-35.82106	0.8099996	110.1228
1531237526970	903	Joystick0	-1
1531237526970	903	DecisionBody	POSITION	-35.82108	0.8099996	110.1231
1531237526986	904	Joystick0	-1
1531237527004	905	Joystick0	-1
1531237527004	905	Joystick1	-0.03343391
1531237527004	905	DecisionBody	POSITION	-35.82113	0.8099996	110.124
1531237527020	906	Joystick0	-1
1531237527020	906	Joystick1	-0.0662818
1531237527020	906	DecisionBody	POSITION	-35.82122	0.8099996	110.1256
1531237527037	907	Joystick0	-1
1531237527037	907	Joystick1	-0.1000879
1531237527037	907	DecisionBody	POSITION	-35.82136	0.8099996	110.1283
1531237527053	908	Joystick0	-0.951172
1531237527053	908	Joystick1	-0.1326399
1531237527053	908	DecisionBody	POSITION	-35.82156	0.8099996	110.132
1531237527070	909	Joystick0	-0.9003788
1531237527070	909	Joystick1	-0.166502
1531237527070	909	DecisionBody	POSITION	-35.8219	0.8099996	110.1382
1531237527086	910	Joystick0	-0.8504468
1531237527086	910	Joystick1	-0.19979
1531237527103	911	Joystick0	-0.8003349
1531237527103	911	Joystick1	-0.2331979
1531237527104	911	DecisionBody	POSITION	-35.82258	0.8099945	110.1486
1531237527120	912	Joystick0	-0.7504659
1531237527120	912	Joystick1	-0.266444
1531237527120	912	DecisionBody	POSITION	-35.82333	0.8099986	110.1641
1531237527137	913	Joystick0	-0.700561
1531237527137	913	Joystick1	-0.2997139
1531237527137	913	DecisionBody	POSITION	-35.82447	0.8099995	110.1854
1531237527154	914	Joystick0	-0.6479561
1531237527154	914	Joystick1	-0.3347838
1531237527154	914	DecisionBody	POSITION	-35.82599	0.8099996	110.2135
1531237527171	915	Joystick0	-0.5978861
1531237527171	915	Joystick1	-0.3681638
1531237527171	915	DecisionBody	POSITION	-35.82792	0.8099996	110.249
1531237527187	916	Joystick0	-0.5479931
1531237527187	916	Joystick1	-0.4014258
1531237527204	917	Joystick0	-0.4980428
1531237527204	917	Joystick1	-0.434726
1531237527204	917	DecisionBody	POSITION	-35.83032	0.8123283	110.2931
1531237527221	918	Joystick0	-0.448162
1531237527221	918	Joystick1	-0.4679799
1531237527221	918	DecisionBody	POSITION	-35.83327	0.8131004	110.3475
1531237527237	919	Joystick0	-0.3981459
1531237527237	919	Joystick1	-0.5013239
1531237527237	919	DecisionBody	POSITION	-35.83681	0.8095983	110.4125
1531237527254	920	Joystick0	-0.3494738
1531237527254	920	Joystick1	-0.533772
1531237527254	920	DecisionBody	POSITION	-35.86291	0.8049394	110.4073
1531237527270	921	Joystick0	-0.3000189
1531237527270	921	Joystick1	-0.5667419
1531237527270	921	DecisionBody	POSITION	-35.88227	0.8032889	110.4117
1531237527286	922	Joystick0	-0.2501981
1531237527286	922	Joystick1	-0.5999558
1531237527304	923	Joystick0	-0.2000501
1531237527304	923	Joystick1	-0.6333878
1531237527304	923	DecisionBody	POSITION	-35.89911	0.8020816	110.4177
